frame   ulx     uly     urx     ury     lrx     lry     llx     lly     
frame00001.jpg	39.00	198.00	104.00	198.00	104.00	308.00	39.00	308.00
frame00002.jpg	38.00	196.00	103.00	196.00	103.00	306.00	38.00	306.00
frame00003.jpg	37.00	195.00	102.00	195.00	102.00	305.00	37.00	305.00
frame00004.jpg	37.00	193.00	102.00	193.00	102.00	303.00	37.00	303.00
frame00005.jpg	36.00	192.00	101.00	192.00	101.00	302.00	36.00	302.00
frame00006.jpg	36.00	191.00	101.00	191.00	101.00	301.00	36.00	301.00
frame00007.jpg	35.00	189.00	100.00	189.00	100.00	299.00	35.00	299.00
frame00008.jpg	35.00	188.00	100.00	188.00	100.00	298.00	35.00	298.00
frame00009.jpg	34.00	187.00	99.00	187.00	99.00	297.00	34.00	297.00
frame00010.jpg	34.00	185.00	99.00	185.00	99.00	295.00	34.00	295.00
frame00011.jpg	33.00	184.00	98.00	184.00	98.00	294.00	33.00	294.00
frame00012.jpg	33.00	183.00	98.00	183.00	98.00	293.00	33.00	293.00
frame00013.jpg	33.00	179.00	98.00	179.00	98.00	289.00	33.00	289.00
frame00014.jpg	33.00	175.00	98.00	175.00	98.00	285.00	33.00	285.00
frame00015.jpg	33.00	171.00	98.00	171.00	98.00	281.00	33.00	281.00
frame00016.jpg	33.00	168.00	98.00	168.00	98.00	278.00	33.00	278.00
frame00017.jpg	34.00	161.00	99.00	161.00	99.00	272.00	34.00	272.00
frame00018.jpg	35.00	155.00	100.00	155.00	100.00	266.00	35.00	266.00
frame00019.jpg	37.00	148.00	102.00	148.00	102.00	260.00	37.00	260.00
frame00020.jpg	38.00	142.00	103.00	142.00	103.00	254.00	38.00	254.00
frame00021.jpg	40.00	136.00	105.00	136.00	105.00	249.00	40.00	249.00
frame00022.jpg	43.00	129.00	108.00	129.00	108.00	243.00	43.00	243.00
frame00023.jpg	46.00	123.00	111.00	123.00	111.00	238.00	46.00	238.00
frame00024.jpg	49.00	117.00	114.00	117.00	114.00	232.00	49.00	232.00
frame00025.jpg	53.00	111.00	118.00	111.00	118.00	227.00	53.00	227.00
frame00026.jpg	58.00	105.00	124.00	105.00	124.00	223.00	58.00	223.00
frame00027.jpg	64.00	100.00	131.00	100.00	131.00	220.00	64.00	220.00
frame00028.jpg	70.00	94.00	137.00	94.00	137.00	216.00	70.00	216.00
frame00029.jpg	76.00	89.00	144.00	89.00	144.00	213.00	76.00	213.00
frame00030.jpg	82.00	83.00	150.00	83.00	150.00	209.00	82.00	209.00
frame00031.jpg	88.00	78.00	157.00	78.00	157.00	206.00	88.00	206.00
frame00032.jpg	96.00	74.00	166.00	74.00	166.00	203.00	96.00	203.00
frame00033.jpg	105.00	70.00	175.00	70.00	175.00	201.00	105.00	201.00
frame00034.jpg	114.00	67.00	185.00	67.00	185.00	198.00	114.00	198.00
frame00035.jpg	123.00	63.00	194.00	63.00	194.00	196.00	123.00	196.00
frame00036.jpg	132.00	59.00	203.00	59.00	203.00	193.00	132.00	193.00
frame00037.jpg	141.00	56.00	213.00	56.00	213.00	191.00	141.00	191.00
frame00038.jpg	150.00	52.00	222.00	52.00	222.00	188.00	150.00	188.00
frame00039.jpg	159.00	48.00	231.00	48.00	231.00	186.00	159.00	186.00
frame00040.jpg	168.00	45.00	241.00	45.00	241.00	184.00	168.00	184.00
frame00041.jpg	176.00	45.00	249.00	45.00	249.00	184.00	176.00	184.00
frame00042.jpg	184.00	45.00	257.00	45.00	257.00	184.00	184.00	184.00
frame00043.jpg	192.00	45.00	265.00	45.00	265.00	184.00	192.00	184.00
frame00044.jpg	200.00	45.00	273.00	45.00	273.00	184.00	200.00	184.00
frame00045.jpg	209.00	45.00	282.00	45.00	282.00	184.00	209.00	184.00
frame00046.jpg	217.00	45.00	290.00	45.00	290.00	184.00	217.00	184.00
frame00047.jpg	225.00	45.00	298.00	45.00	298.00	184.00	225.00	184.00
frame00048.jpg	233.00	45.00	306.00	45.00	306.00	184.00	233.00	184.00
frame00049.jpg	242.00	45.00	315.00	45.00	315.00	184.00	242.00	184.00
frame00050.jpg	246.00	46.00	318.00	46.00	318.00	185.00	246.00	185.00
frame00051.jpg	251.00	48.00	322.00	48.00	322.00	187.00	251.00	187.00
frame00052.jpg	255.00	50.00	326.00	50.00	326.00	189.00	255.00	189.00
frame00053.jpg	260.00	52.00	330.00	52.00	330.00	191.00	260.00	191.00
frame00054.jpg	264.00	54.00	334.00	54.00	334.00	193.00	264.00	193.00
frame00055.jpg	269.00	56.00	338.00	56.00	338.00	195.00	269.00	195.00
frame00056.jpg	273.00	58.00	342.00	58.00	342.00	197.00	273.00	197.00
frame00057.jpg	278.00	60.00	346.00	60.00	346.00	199.00	278.00	199.00
frame00058.jpg	282.00	64.00	350.00	64.00	350.00	202.00	282.00	202.00
frame00059.jpg	286.00	68.00	354.00	68.00	354.00	206.00	286.00	206.00
frame00060.jpg	290.00	73.00	358.00	73.00	358.00	209.00	290.00	209.00
frame00061.jpg	294.00	77.00	362.00	77.00	362.00	213.00	294.00	213.00
frame00062.jpg	298.00	82.00	366.00	82.00	366.00	216.00	298.00	216.00
frame00063.jpg	302.00	86.00	370.00	86.00	370.00	220.00	302.00	220.00
frame00064.jpg	306.00	91.00	374.00	91.00	374.00	224.00	306.00	224.00
frame00065.jpg	310.00	95.00	378.00	95.00	378.00	228.00	310.00	228.00
frame00066.jpg	315.00	100.00	383.00	100.00	383.00	233.00	315.00	233.00
frame00067.jpg	320.00	105.00	388.00	105.00	388.00	238.00	320.00	238.00
frame00068.jpg	325.00	110.00	393.00	110.00	393.00	243.00	325.00	243.00
frame00069.jpg	330.00	115.00	398.00	115.00	398.00	248.00	330.00	248.00
frame00070.jpg	335.00	120.00	403.00	120.00	403.00	253.00	335.00	253.00
frame00071.jpg	338.00	126.00	406.00	126.00	406.00	258.00	338.00	258.00
frame00072.jpg	342.00	133.00	410.00	133.00	410.00	264.00	342.00	264.00
frame00073.jpg	346.00	140.00	414.00	140.00	414.00	269.00	346.00	269.00
frame00074.jpg	350.00	147.00	418.00	147.00	418.00	275.00	350.00	275.00
frame00075.jpg	354.00	154.00	422.00	154.00	422.00	281.00	354.00	281.00
frame00076.jpg	355.00	159.00	423.00	159.00	423.00	285.00	355.00	285.00
frame00077.jpg	356.00	165.00	424.00	165.00	424.00	289.00	356.00	289.00
frame00078.jpg	358.00	171.00	426.00	171.00	426.00	294.00	358.00	294.00
frame00079.jpg	359.00	177.00	427.00	177.00	427.00	298.00	359.00	298.00
frame00080.jpg	361.00	183.00	429.00	183.00	429.00	303.00	361.00	303.00
frame00081.jpg	362.00	189.00	430.00	189.00	430.00	307.00	362.00	307.00
frame00082.jpg	364.00	195.00	432.00	195.00	432.00	312.00	364.00	312.00
frame00083.jpg	363.00	196.00	431.00	196.00	431.00	313.00	363.00	313.00
frame00084.jpg	363.00	198.00	431.00	198.00	431.00	315.00	363.00	315.00
frame00085.jpg	363.00	199.00	431.00	199.00	431.00	316.00	363.00	316.00
frame00086.jpg	363.00	201.00	431.00	201.00	431.00	318.00	363.00	318.00
frame00087.jpg	363.00	203.00	431.00	203.00	431.00	320.00	363.00	320.00
frame00088.jpg	362.00	202.00	430.00	202.00	430.00	319.00	362.00	319.00
frame00089.jpg	361.00	201.00	429.00	201.00	429.00	318.00	361.00	318.00
frame00090.jpg	361.00	200.00	429.00	200.00	429.00	317.00	361.00	317.00
frame00091.jpg	362.00	197.00	430.00	197.00	430.00	314.00	362.00	314.00
frame00092.jpg	363.00	194.00	431.00	194.00	431.00	311.00	363.00	311.00
frame00093.jpg	364.00	192.00	432.00	192.00	432.00	309.00	364.00	309.00
frame00094.jpg	365.00	189.00	433.00	189.00	433.00	306.00	365.00	306.00
frame00095.jpg	366.00	186.00	434.00	186.00	434.00	303.00	366.00	303.00
frame00096.jpg	367.00	184.00	435.00	184.00	435.00	301.00	367.00	301.00
frame00097.jpg	367.00	179.00	435.00	179.00	435.00	297.00	367.00	297.00
frame00098.jpg	367.00	174.00	435.00	174.00	435.00	294.00	367.00	294.00
frame00099.jpg	368.00	169.00	436.00	169.00	436.00	290.00	368.00	290.00
frame00100.jpg	368.00	164.00	436.00	164.00	436.00	287.00	368.00	287.00
frame00101.jpg	368.00	159.00	436.00	159.00	436.00	283.00	368.00	283.00
frame00102.jpg	369.00	155.00	437.00	155.00	437.00	280.00	369.00	280.00
frame00103.jpg	367.00	149.00	436.00	149.00	436.00	276.00	367.00	276.00
frame00104.jpg	365.00	144.00	435.00	144.00	435.00	273.00	365.00	273.00
frame00105.jpg	363.00	138.00	434.00	138.00	434.00	269.00	363.00	269.00
frame00106.jpg	361.00	133.00	433.00	133.00	433.00	266.00	361.00	266.00
frame00107.jpg	359.00	128.00	432.00	128.00	432.00	263.00	359.00	263.00
frame00108.jpg	354.00	125.00	427.00	125.00	427.00	261.00	354.00	261.00
frame00109.jpg	349.00	122.00	422.00	122.00	422.00	259.00	349.00	259.00
frame00110.jpg	344.00	120.00	417.00	120.00	417.00	257.00	344.00	257.00
frame00111.jpg	339.00	117.00	412.00	117.00	412.00	255.00	339.00	255.00
frame00112.jpg	334.00	115.00	407.00	115.00	407.00	253.00	334.00	253.00
frame00113.jpg	327.00	114.00	400.00	114.00	400.00	253.00	327.00	253.00
frame00114.jpg	320.00	113.00	393.00	113.00	393.00	253.00	320.00	253.00
frame00115.jpg	314.00	113.00	387.00	113.00	387.00	253.00	314.00	253.00
frame00116.jpg	307.00	112.00	380.00	112.00	380.00	252.00	307.00	252.00
frame00117.jpg	300.00	112.00	373.00	112.00	373.00	252.00	300.00	252.00
frame00118.jpg	294.00	112.00	367.00	112.00	367.00	252.00	294.00	252.00
frame00119.jpg	287.00	112.00	360.00	112.00	360.00	252.00	287.00	252.00
frame00120.jpg	281.00	112.00	354.00	112.00	354.00	252.00	281.00	252.00
frame00121.jpg	274.00	113.00	349.00	113.00	349.00	254.00	274.00	254.00
frame00122.jpg	268.00	114.00	345.00	114.00	345.00	257.00	268.00	257.00
frame00123.jpg	262.00	115.00	341.00	115.00	341.00	260.00	262.00	260.00
frame00124.jpg	256.00	116.00	336.00	116.00	336.00	262.00	256.00	262.00
frame00125.jpg	250.00	117.00	332.00	117.00	332.00	265.00	250.00	265.00
frame00126.jpg	244.00	118.00	328.00	118.00	328.00	268.00	244.00	268.00
frame00127.jpg	238.00	119.00	323.00	119.00	323.00	270.00	238.00	270.00
frame00128.jpg	232.00	120.00	319.00	120.00	319.00	273.00	232.00	273.00
frame00129.jpg	226.00	121.00	315.00	121.00	315.00	276.00	226.00	276.00
frame00130.jpg	224.00	123.00	313.00	123.00	313.00	278.00	224.00	278.00
frame00131.jpg	222.00	126.00	311.00	126.00	311.00	281.00	222.00	281.00
frame00132.jpg	220.00	129.00	309.00	129.00	309.00	284.00	220.00	284.00
frame00133.jpg	219.00	132.00	308.00	132.00	308.00	287.00	219.00	287.00
frame00134.jpg	217.00	135.00	306.00	135.00	306.00	290.00	217.00	290.00
frame00135.jpg	215.00	138.00	304.00	138.00	304.00	293.00	215.00	293.00
frame00136.jpg	214.00	141.00	303.00	141.00	303.00	296.00	214.00	296.00
frame00137.jpg	218.00	142.00	306.00	142.00	306.00	296.00	218.00	296.00
frame00138.jpg	222.00	144.00	309.00	144.00	309.00	296.00	222.00	296.00
frame00139.jpg	227.00	146.00	313.00	146.00	313.00	297.00	227.00	297.00
frame00140.jpg	231.00	148.00	316.00	148.00	316.00	297.00	231.00	297.00
frame00141.jpg	235.00	150.00	319.00	150.00	319.00	297.00	235.00	297.00
frame00142.jpg	240.00	152.00	323.00	152.00	323.00	298.00	240.00	298.00
frame00143.jpg	244.00	154.00	326.00	154.00	326.00	298.00	244.00	298.00
frame00144.jpg	249.00	156.00	330.00	156.00	330.00	299.00	249.00	299.00
frame00145.jpg	254.00	156.00	334.00	156.00	334.00	296.00	254.00	296.00
frame00146.jpg	259.00	156.00	338.00	156.00	338.00	294.00	259.00	294.00
frame00147.jpg	265.00	156.00	343.00	156.00	343.00	292.00	265.00	292.00
frame00148.jpg	271.00	156.00	348.00	156.00	348.00	290.00	271.00	290.00
frame00149.jpg	278.00	157.00	353.00	157.00	353.00	289.00	278.00	289.00
frame00150.jpg	284.00	158.00	358.00	158.00	358.00	288.00	284.00	288.00
frame00151.jpg	291.00	159.00	364.00	159.00	364.00	287.00	291.00	287.00
frame00152.jpg	294.00	161.00	366.00	161.00	366.00	287.00	294.00	287.00
frame00153.jpg	298.00	163.00	369.00	163.00	369.00	288.00	298.00	288.00
frame00154.jpg	302.00	165.00	371.00	165.00	371.00	289.00	302.00	289.00
frame00155.jpg	306.00	167.00	374.00	167.00	374.00	290.00	306.00	290.00
frame00156.jpg	310.00	169.00	376.00	169.00	376.00	291.00	310.00	291.00
frame00157.jpg	314.00	171.00	379.00	171.00	379.00	292.00	314.00	292.00
frame00158.jpg	315.00	172.00	380.00	172.00	380.00	291.00	315.00	291.00
frame00159.jpg	317.00	173.00	382.00	173.00	382.00	291.00	317.00	291.00
frame00160.jpg	319.00	175.00	384.00	175.00	384.00	290.00	319.00	290.00
frame00161.jpg	320.00	176.00	385.00	176.00	385.00	290.00	320.00	290.00
frame00162.jpg	322.00	177.00	387.00	177.00	387.00	289.00	322.00	289.00
frame00163.jpg	324.00	179.00	389.00	179.00	389.00	289.00	324.00	289.00
frame00164.jpg	326.00	178.00	391.00	178.00	391.00	288.00	326.00	288.00
frame00165.jpg	328.00	177.00	393.00	177.00	393.00	287.00	328.00	287.00
frame00166.jpg	330.00	177.00	395.00	177.00	395.00	287.00	330.00	287.00
frame00167.jpg	332.00	176.00	397.00	176.00	397.00	286.00	332.00	286.00
frame00168.jpg	334.00	175.00	399.00	175.00	399.00	285.00	334.00	285.00
frame00169.jpg	337.00	175.00	402.00	175.00	402.00	285.00	337.00	285.00
frame00170.jpg	341.00	174.00	407.00	174.00	407.00	285.00	341.00	285.00
frame00171.jpg	345.00	173.00	412.00	173.00	412.00	285.00	345.00	285.00
frame00172.jpg	349.00	172.00	417.00	172.00	417.00	285.00	349.00	285.00
frame00173.jpg	353.00	171.00	422.00	171.00	422.00	285.00	353.00	285.00
frame00174.jpg	357.00	170.00	427.00	170.00	427.00	285.00	357.00	285.00
frame00175.jpg	362.00	169.00	433.00	169.00	433.00	285.00	362.00	285.00
frame00176.jpg	365.00	168.00	436.00	168.00	436.00	284.00	365.00	284.00
frame00177.jpg	369.00	168.00	440.00	168.00	440.00	284.00	369.00	284.00
frame00178.jpg	373.00	167.00	444.00	167.00	444.00	283.00	373.00	283.00
frame00179.jpg	377.00	167.00	448.00	167.00	448.00	283.00	377.00	283.00
frame00180.jpg	381.00	167.00	452.00	167.00	452.00	283.00	381.00	283.00
frame00181.jpg	384.00	164.00	455.00	164.00	455.00	280.00	384.00	280.00
frame00182.jpg	388.00	162.00	459.00	162.00	459.00	278.00	388.00	278.00
frame00183.jpg	392.00	160.00	463.00	160.00	463.00	276.00	392.00	276.00
frame00184.jpg	396.00	158.00	467.00	158.00	467.00	274.00	396.00	274.00
frame00185.jpg	400.00	156.00	471.00	156.00	471.00	272.00	400.00	272.00
frame00186.jpg	404.00	154.00	475.00	154.00	475.00	270.00	404.00	270.00
frame00187.jpg	407.00	152.00	478.00	152.00	478.00	268.00	407.00	268.00
frame00188.jpg	410.00	150.00	481.00	150.00	481.00	266.00	410.00	266.00
frame00189.jpg	413.00	149.00	484.00	149.00	484.00	265.00	413.00	265.00
frame00190.jpg	416.00	147.00	487.00	147.00	487.00	263.00	416.00	263.00
frame00191.jpg	419.00	145.00	490.00	145.00	490.00	261.00	419.00	261.00
frame00192.jpg	422.00	144.00	493.00	144.00	493.00	260.00	422.00	260.00
frame00193.jpg	425.00	142.00	496.00	142.00	496.00	258.00	425.00	258.00
frame00194.jpg	428.00	140.00	499.00	140.00	499.00	256.00	428.00	256.00
frame00195.jpg	431.00	139.00	502.00	139.00	502.00	255.00	431.00	255.00
frame00196.jpg	433.00	140.00	503.00	140.00	503.00	255.00	433.00	255.00
frame00197.jpg	436.00	141.00	505.00	141.00	505.00	255.00	436.00	255.00
frame00198.jpg	438.00	142.00	507.00	142.00	507.00	255.00	438.00	255.00
frame00199.jpg	441.00	143.00	509.00	143.00	509.00	256.00	441.00	256.00
frame00200.jpg	444.00	144.00	510.00	144.00	510.00	256.00	444.00	256.00
frame00201.jpg	446.00	145.00	512.00	145.00	512.00	256.00	446.00	256.00
frame00202.jpg	449.00	146.00	514.00	146.00	514.00	256.00	449.00	256.00
frame00203.jpg	452.00	148.00	516.00	148.00	516.00	257.00	452.00	257.00
frame00204.jpg	451.00	143.00	515.00	143.00	515.00	252.00	451.00	252.00
frame00205.jpg	451.00	139.00	515.00	139.00	515.00	248.00	451.00	248.00
frame00206.jpg	451.00	135.00	515.00	135.00	515.00	244.00	451.00	244.00
frame00207.jpg	451.00	131.00	515.00	131.00	515.00	240.00	451.00	240.00
frame00208.jpg	451.00	127.00	515.00	127.00	515.00	236.00	451.00	236.00
frame00209.jpg	451.00	123.00	515.00	123.00	515.00	232.00	451.00	232.00
frame00210.jpg	451.00	119.00	515.00	119.00	515.00	228.00	451.00	228.00
frame00211.jpg	451.00	115.00	515.00	115.00	515.00	224.00	451.00	224.00
frame00212.jpg	451.00	111.00	515.00	111.00	515.00	220.00	451.00	220.00
frame00213.jpg	445.00	104.00	510.00	104.00	510.00	216.00	445.00	216.00
frame00214.jpg	439.00	98.00	505.00	98.00	505.00	212.00	439.00	212.00
frame00215.jpg	433.00	92.00	500.00	92.00	500.00	208.00	433.00	208.00
frame00216.jpg	427.00	85.00	495.00	85.00	495.00	204.00	427.00	204.00
frame00217.jpg	421.00	79.00	490.00	79.00	490.00	200.00	421.00	200.00
frame00218.jpg	416.00	73.00	485.00	73.00	485.00	197.00	416.00	197.00
frame00219.jpg	402.00	68.00	471.00	68.00	471.00	193.00	402.00	193.00
frame00220.jpg	389.00	63.00	458.00	63.00	458.00	189.00	389.00	189.00
frame00221.jpg	376.00	58.00	445.00	58.00	445.00	185.00	376.00	185.00
frame00222.jpg	363.00	53.00	432.00	53.00	432.00	181.00	363.00	181.00
frame00223.jpg	350.00	48.00	419.00	48.00	419.00	177.00	350.00	177.00
frame00224.jpg	334.00	45.00	403.00	45.00	403.00	174.00	334.00	174.00
frame00225.jpg	318.00	42.00	387.00	42.00	387.00	171.00	318.00	171.00
frame00226.jpg	302.00	39.00	371.00	39.00	371.00	168.00	302.00	168.00
frame00227.jpg	286.00	37.00	355.00	37.00	355.00	166.00	286.00	166.00
frame00228.jpg	268.00	34.00	337.00	34.00	337.00	163.00	268.00	163.00
frame00229.jpg	250.00	31.00	319.00	31.00	319.00	160.00	250.00	160.00
frame00230.jpg	232.00	28.00	301.00	28.00	301.00	157.00	232.00	157.00
frame00231.jpg	214.00	25.00	283.00	25.00	283.00	154.00	214.00	154.00
frame00232.jpg	197.00	23.00	266.00	23.00	266.00	152.00	197.00	152.00
frame00233.jpg	183.00	20.00	252.00	20.00	252.00	149.00	183.00	149.00
frame00234.jpg	170.00	18.00	239.00	18.00	239.00	147.00	170.00	147.00
frame00235.jpg	157.00	16.00	226.00	16.00	226.00	145.00	157.00	145.00
frame00236.jpg	144.00	14.00	213.00	14.00	213.00	143.00	144.00	143.00
frame00237.jpg	133.00	15.00	202.00	15.00	202.00	145.00	133.00	145.00
frame00238.jpg	122.00	16.00	191.00	16.00	191.00	147.00	122.00	147.00
frame00239.jpg	112.00	17.00	181.00	17.00	181.00	149.00	112.00	149.00
frame00240.jpg	101.00	18.00	170.00	18.00	170.00	151.00	101.00	151.00
frame00241.jpg	90.00	19.00	159.00	19.00	159.00	153.00	90.00	153.00
frame00242.jpg	80.00	21.00	149.00	21.00	149.00	156.00	80.00	156.00
frame00243.jpg	72.00	25.00	141.00	25.00	141.00	160.00	72.00	160.00
frame00244.jpg	65.00	30.00	134.00	30.00	134.00	165.00	65.00	165.00
frame00245.jpg	58.00	34.00	127.00	34.00	127.00	169.00	58.00	169.00
frame00246.jpg	51.00	39.00	120.00	39.00	120.00	174.00	51.00	174.00
frame00247.jpg	46.00	46.00	115.00	46.00	115.00	181.00	46.00	181.00
frame00248.jpg	41.00	53.00	110.00	53.00	110.00	188.00	41.00	188.00
frame00249.jpg	36.00	60.00	105.00	60.00	105.00	195.00	36.00	195.00
frame00250.jpg	32.00	67.00	101.00	67.00	101.00	202.00	32.00	202.00
frame00251.jpg	29.00	74.00	98.00	74.00	98.00	207.00	29.00	207.00
frame00252.jpg	26.00	81.00	95.00	81.00	95.00	212.00	26.00	212.00
frame00253.jpg	24.00	88.00	93.00	88.00	93.00	218.00	24.00	218.00
frame00254.jpg	21.00	95.00	90.00	95.00	90.00	223.00	21.00	223.00
frame00255.jpg	19.00	102.00	88.00	102.00	88.00	229.00	19.00	229.00
frame00256.jpg	17.00	108.00	86.00	108.00	86.00	233.00	17.00	233.00
frame00257.jpg	16.00	114.00	85.00	114.00	85.00	237.00	16.00	237.00
frame00258.jpg	14.00	120.00	83.00	120.00	83.00	241.00	14.00	241.00
frame00259.jpg	13.00	126.00	82.00	126.00	82.00	245.00	13.00	245.00
frame00260.jpg	12.00	132.00	81.00	132.00	81.00	249.00	12.00	249.00
frame00261.jpg	11.00	135.00	80.00	135.00	80.00	251.00	11.00	251.00
frame00262.jpg	11.00	138.00	80.00	138.00	80.00	253.00	11.00	253.00
frame00263.jpg	10.00	142.00	79.00	142.00	79.00	255.00	10.00	255.00
frame00264.jpg	10.00	145.00	79.00	145.00	79.00	257.00	10.00	257.00
frame00265.jpg	 9.00	149.00	78.00	149.00	78.00	259.00	 9.00	259.00
frame00266.jpg	 9.00	152.00	78.00	152.00	78.00	261.00	 9.00	261.00
frame00267.jpg	 9.00	156.00	78.00	156.00	78.00	264.00	 9.00	264.00
frame00268.jpg	10.00	160.00	79.00	160.00	79.00	268.00	10.00	268.00
frame00269.jpg	12.00	164.00	81.00	164.00	81.00	272.00	12.00	272.00
frame00270.jpg	14.00	169.00	83.00	169.00	83.00	277.00	14.00	277.00
frame00271.jpg	16.00	173.00	85.00	173.00	85.00	281.00	16.00	281.00
frame00272.jpg	18.00	177.00	87.00	177.00	87.00	285.00	18.00	285.00
frame00273.jpg	20.00	182.00	89.00	182.00	89.00	290.00	20.00	290.00
frame00274.jpg	22.00	186.00	91.00	186.00	91.00	294.00	22.00	294.00
frame00275.jpg	24.00	191.00	93.00	191.00	93.00	299.00	24.00	299.00
frame00276.jpg	26.00	194.00	94.00	194.00	94.00	302.00	26.00	302.00
frame00277.jpg	28.00	198.00	95.00	198.00	95.00	306.00	28.00	306.00
frame00278.jpg	30.00	201.00	96.00	201.00	96.00	309.00	30.00	309.00
frame00279.jpg	32.00	205.00	97.00	205.00	97.00	313.00	32.00	313.00
frame00280.jpg	34.00	208.00	98.00	208.00	98.00	316.00	34.00	316.00
frame00281.jpg	37.00	212.00	100.00	212.00	100.00	320.00	37.00	320.00
frame00282.jpg	39.00	214.00	101.00	214.00	101.00	321.00	39.00	321.00
frame00283.jpg	41.00	216.00	103.00	216.00	103.00	322.00	41.00	322.00
frame00284.jpg	43.00	219.00	104.00	219.00	104.00	324.00	43.00	324.00
frame00285.jpg	45.00	221.00	106.00	221.00	106.00	325.00	45.00	325.00
frame00286.jpg	47.00	224.00	107.00	224.00	107.00	327.00	47.00	327.00
frame00287.jpg	49.00	226.00	109.00	226.00	109.00	328.00	49.00	328.00
frame00288.jpg	52.00	229.00	111.00	229.00	111.00	330.00	52.00	330.00
frame00289.jpg	52.00	230.00	111.00	230.00	111.00	330.00	52.00	330.00
frame00290.jpg	53.00	231.00	112.00	231.00	112.00	330.00	53.00	330.00
frame00291.jpg	54.00	232.00	113.00	232.00	113.00	331.00	54.00	331.00
frame00292.jpg	55.00	233.00	114.00	233.00	114.00	331.00	55.00	331.00
frame00293.jpg	56.00	234.00	115.00	234.00	115.00	332.00	56.00	332.00
frame00294.jpg	57.00	235.00	116.00	235.00	116.00	332.00	57.00	332.00
frame00295.jpg	58.00	237.00	117.00	237.00	117.00	333.00	58.00	333.00
frame00296.jpg	58.00	238.00	117.00	238.00	117.00	334.00	58.00	334.00
frame00297.jpg	59.00	239.00	118.00	239.00	118.00	335.00	59.00	335.00
frame00298.jpg	60.00	240.00	119.00	240.00	119.00	336.00	60.00	336.00
frame00299.jpg	60.00	241.00	119.00	241.00	119.00	337.00	60.00	337.00
frame00300.jpg	61.00	242.00	120.00	242.00	120.00	338.00	61.00	338.00
frame00301.jpg	62.00	243.00	121.00	243.00	121.00	339.00	62.00	339.00
frame00302.jpg	62.00	243.00	121.00	243.00	121.00	340.00	62.00	340.00
frame00303.jpg	63.00	244.00	121.00	244.00	121.00	342.00	63.00	342.00
frame00304.jpg	63.00	245.00	121.00	245.00	121.00	343.00	63.00	343.00
frame00305.jpg	64.00	246.00	122.00	246.00	122.00	345.00	64.00	345.00
frame00306.jpg	65.00	247.00	122.00	247.00	122.00	346.00	65.00	346.00
frame00307.jpg	65.00	248.00	122.00	248.00	122.00	348.00	65.00	348.00
frame00308.jpg	66.00	249.00	122.00	249.00	122.00	349.00	66.00	349.00
frame00309.jpg	67.00	250.00	123.00	250.00	123.00	351.00	67.00	351.00
frame00310.jpg	67.00	251.00	123.00	251.00	123.00	352.00	67.00	352.00
frame00311.jpg	67.00	253.00	123.00	253.00	123.00	354.00	67.00	354.00
frame00312.jpg	68.00	254.00	124.00	254.00	124.00	355.00	68.00	355.00
frame00313.jpg	68.00	256.00	124.00	256.00	124.00	357.00	68.00	357.00
frame00314.jpg	68.00	257.00	124.00	257.00	124.00	358.00	68.00	358.00
frame00315.jpg	69.00	259.00	125.00	259.00	125.00	360.00	69.00	360.00
frame00316.jpg	69.00	260.00	125.00	260.00	125.00	361.00	69.00	361.00
frame00317.jpg	69.00	262.00	125.00	262.00	125.00	363.00	69.00	363.00
frame00318.jpg	70.00	264.00	126.00	264.00	126.00	365.00	70.00	365.00
frame00319.jpg	70.00	265.00	126.00	265.00	126.00	366.00	70.00	366.00
frame00320.jpg	71.00	266.00	127.00	266.00	127.00	367.00	71.00	367.00
frame00321.jpg	71.00	267.00	127.00	267.00	127.00	368.00	71.00	368.00
frame00322.jpg	72.00	268.00	128.00	268.00	128.00	369.00	72.00	369.00
frame00323.jpg	73.00	269.00	129.00	269.00	129.00	370.00	73.00	370.00
frame00324.jpg	73.00	270.00	129.00	270.00	129.00	371.00	73.00	371.00
frame00325.jpg	74.00	271.00	130.00	271.00	130.00	372.00	74.00	372.00
frame00326.jpg	75.00	272.00	131.00	272.00	131.00	373.00	75.00	373.00
frame00327.jpg	75.00	273.00	131.00	273.00	131.00	374.00	75.00	374.00
frame00328.jpg	76.00	274.00	132.00	274.00	132.00	375.00	76.00	375.00
frame00329.jpg	77.00	275.00	133.00	275.00	133.00	376.00	77.00	376.00
frame00330.jpg	79.00	276.00	135.00	276.00	135.00	377.00	79.00	377.00
frame00331.jpg	81.00	277.00	137.00	277.00	137.00	378.00	81.00	378.00
frame00332.jpg	83.00	278.00	139.00	278.00	139.00	379.00	83.00	379.00
frame00333.jpg	85.00	279.00	141.00	279.00	141.00	380.00	85.00	380.00
frame00334.jpg	87.00	280.00	143.00	280.00	143.00	381.00	87.00	381.00
frame00335.jpg	89.00	281.00	145.00	281.00	145.00	382.00	89.00	382.00
frame00336.jpg	91.00	282.00	147.00	282.00	147.00	383.00	91.00	383.00
frame00337.jpg	93.00	283.00	149.00	283.00	149.00	384.00	93.00	384.00
frame00338.jpg	92.28	282.41	148.28	282.41	148.28	383.41	92.28	383.41
frame00339.jpg	91.56	281.81	147.56	281.81	147.56	382.81	91.56	382.81
frame00340.jpg	90.84	281.22	146.84	281.22	146.84	382.22	90.84	382.22
frame00341.jpg	90.12	280.62	146.12	280.62	146.12	381.62	90.12	381.62
frame00342.jpg	89.41	280.03	145.41	280.03	145.41	381.03	89.41	381.03
frame00343.jpg	88.69	279.44	144.69	279.44	144.69	380.44	88.69	380.44
frame00344.jpg	87.97	278.84	143.97	278.84	143.97	379.84	87.97	379.84
frame00345.jpg	87.25	278.25	143.25	278.25	143.25	379.25	87.25	379.25
frame00346.jpg	86.53	277.66	142.53	277.66	142.53	378.66	86.53	378.66
frame00347.jpg	85.81	277.06	141.81	277.06	141.81	378.06	85.81	378.06
frame00348.jpg	85.09	276.47	141.09	276.47	141.09	377.47	85.09	377.47
frame00349.jpg	84.38	275.88	140.38	275.88	140.38	376.88	84.38	376.88
frame00350.jpg	83.66	275.28	139.66	275.28	139.66	376.28	83.66	376.28
frame00351.jpg	82.94	274.69	138.94	274.69	138.94	375.69	82.94	375.69
frame00352.jpg	82.22	274.09	138.22	274.09	138.22	375.09	82.22	375.09
frame00353.jpg	81.50	273.50	137.50	273.50	137.50	374.50	81.50	374.50
frame00354.jpg	80.78	272.91	136.78	272.91	136.78	373.91	80.78	373.91
frame00355.jpg	80.06	272.31	136.06	272.31	136.06	373.31	80.06	373.31
frame00356.jpg	79.34	271.72	135.34	271.72	135.34	372.72	79.34	372.72
frame00357.jpg	78.62	271.12	134.62	271.12	134.62	372.12	78.62	372.12
frame00358.jpg	77.91	270.53	133.91	270.53	133.91	371.53	77.91	371.53
frame00359.jpg	77.19	269.94	133.19	269.94	133.19	370.94	77.19	370.94
frame00360.jpg	76.47	269.34	132.47	269.34	132.47	370.34	76.47	370.34
frame00361.jpg	75.75	268.75	131.75	268.75	131.75	369.75	75.75	369.75
frame00362.jpg	75.03	268.16	131.03	268.16	131.03	369.16	75.03	369.16
frame00363.jpg	74.31	267.56	130.31	267.56	130.31	368.56	74.31	368.56
frame00364.jpg	73.59	266.97	129.59	266.97	129.59	367.97	73.59	367.97
frame00365.jpg	72.88	266.38	128.88	266.38	128.88	367.38	72.88	367.38
frame00366.jpg	72.16	265.78	128.16	265.78	128.16	366.78	72.16	366.78
frame00367.jpg	71.44	265.19	127.44	265.19	127.44	366.19	71.44	366.19
frame00368.jpg	70.72	264.59	126.72	264.59	126.72	365.59	70.72	365.59
frame00369.jpg	70.00	264.00	126.00	264.00	126.00	365.00	70.00	365.00
frame00370.jpg	68.00	258.00	124.00	258.00	124.00	359.00	68.00	359.00
frame00371.jpg	67.00	253.00	123.00	253.00	123.00	354.00	67.00	354.00
frame00372.jpg	66.00	248.00	122.00	248.00	122.00	349.00	66.00	349.00
frame00373.jpg	64.00	242.00	120.00	242.00	120.00	343.00	64.00	343.00
frame00374.jpg	63.00	237.00	119.00	237.00	119.00	338.00	63.00	338.00
frame00375.jpg	62.00	232.00	118.00	232.00	118.00	333.00	62.00	333.00
frame00376.jpg	61.00	223.00	117.00	223.00	117.00	324.00	61.00	324.00
frame00377.jpg	61.00	214.00	117.00	214.00	117.00	315.00	61.00	315.00
frame00378.jpg	61.00	206.00	117.00	206.00	117.00	307.00	61.00	307.00
frame00379.jpg	60.00	197.00	116.00	197.00	116.00	298.00	60.00	298.00
frame00380.jpg	60.00	188.00	116.00	188.00	116.00	289.00	60.00	289.00
frame00381.jpg	60.00	180.00	116.00	180.00	116.00	281.00	60.00	281.00
frame00382.jpg	61.00	174.00	118.00	174.00	118.00	276.00	61.00	276.00
frame00383.jpg	63.00	168.00	121.00	168.00	121.00	271.00	63.00	271.00
frame00384.jpg	65.00	162.00	123.00	162.00	123.00	266.00	65.00	266.00
frame00385.jpg	67.00	156.00	126.00	156.00	126.00	261.00	67.00	261.00
frame00386.jpg	69.00	150.00	129.00	150.00	129.00	256.00	69.00	256.00
frame00387.jpg	71.00	144.00	131.00	144.00	131.00	251.00	71.00	251.00
frame00388.jpg	73.00	138.00	134.00	138.00	134.00	246.00	73.00	246.00
frame00389.jpg	75.00	133.00	137.00	133.00	137.00	242.00	75.00	242.00
frame00390.jpg	82.00	128.00	144.00	128.00	144.00	237.00	82.00	237.00
frame00391.jpg	89.00	124.00	151.00	124.00	151.00	233.00	89.00	233.00
frame00392.jpg	96.00	119.00	158.00	119.00	158.00	228.00	96.00	228.00
frame00393.jpg	103.00	115.00	165.00	115.00	165.00	224.00	103.00	224.00
frame00394.jpg	110.00	111.00	172.00	111.00	172.00	220.00	110.00	220.00
frame00395.jpg	120.00	110.00	182.00	110.00	182.00	219.00	120.00	219.00
frame00396.jpg	131.00	109.00	193.00	109.00	193.00	218.00	131.00	218.00
frame00397.jpg	142.00	108.00	204.00	108.00	204.00	217.00	142.00	217.00
frame00398.jpg	152.00	108.00	214.00	108.00	214.00	217.00	152.00	217.00
frame00399.jpg	163.00	107.00	225.00	107.00	225.00	216.00	163.00	216.00
frame00400.jpg	174.00	106.00	236.00	106.00	236.00	215.00	174.00	215.00
frame00401.jpg	185.00	106.00	247.00	106.00	247.00	215.00	185.00	215.00
frame00402.jpg	197.00	107.00	259.00	107.00	259.00	217.00	197.00	217.00
frame00403.jpg	209.00	109.00	271.00	109.00	271.00	220.00	209.00	220.00
frame00404.jpg	221.00	111.00	283.00	111.00	283.00	223.00	221.00	223.00
frame00405.jpg	233.00	112.00	295.00	112.00	295.00	226.00	233.00	226.00
frame00406.jpg	245.00	114.00	307.00	114.00	307.00	229.00	245.00	229.00
frame00407.jpg	257.00	116.00	319.00	116.00	319.00	232.00	257.00	232.00
frame00408.jpg	264.00	120.00	326.00	120.00	326.00	237.00	264.00	237.00
frame00409.jpg	272.00	125.00	334.00	125.00	334.00	243.00	272.00	243.00
frame00410.jpg	280.00	129.00	342.00	129.00	342.00	248.00	280.00	248.00
frame00411.jpg	288.00	134.00	350.00	134.00	350.00	254.00	288.00	254.00
frame00412.jpg	296.00	139.00	358.00	139.00	358.00	260.00	296.00	260.00
frame00413.jpg	297.00	144.00	359.00	144.00	359.00	265.00	297.00	265.00
frame00414.jpg	298.00	150.00	360.00	150.00	360.00	271.00	298.00	271.00
frame00415.jpg	300.00	156.00	362.00	156.00	362.00	277.00	300.00	277.00
frame00416.jpg	301.00	162.00	363.00	162.00	363.00	283.00	301.00	283.00
frame00417.jpg	303.00	168.00	365.00	168.00	365.00	289.00	303.00	289.00
frame00418.jpg	300.00	169.00	362.00	169.00	362.00	289.00	300.00	289.00
frame00419.jpg	297.00	171.00	359.00	171.00	359.00	290.00	297.00	290.00
frame00420.jpg	295.00	173.00	357.00	173.00	357.00	291.00	295.00	291.00
frame00421.jpg	292.00	175.00	354.00	175.00	354.00	292.00	292.00	292.00
frame00422.jpg	289.00	177.00	351.00	177.00	351.00	292.00	289.00	292.00
frame00423.jpg	287.00	179.00	349.00	179.00	349.00	293.00	287.00	293.00
frame00424.jpg	284.00	181.00	346.00	181.00	346.00	294.00	284.00	294.00
frame00425.jpg	281.00	183.00	343.00	183.00	343.00	295.00	281.00	295.00
frame00426.jpg	279.00	185.00	341.00	185.00	341.00	296.00	279.00	296.00
frame00427.jpg	276.00	186.00	338.00	186.00	338.00	297.00	276.00	297.00
frame00428.jpg	274.00	188.00	336.00	188.00	336.00	298.00	274.00	298.00
frame00429.jpg	271.00	190.00	333.00	190.00	333.00	299.00	271.00	299.00
frame00430.jpg	269.00	191.00	331.00	191.00	331.00	300.00	269.00	300.00
frame00431.jpg	266.00	193.00	328.00	193.00	328.00	301.00	266.00	301.00
frame00432.jpg	264.00	195.00	326.00	195.00	326.00	302.00	264.00	302.00
frame00433.jpg	262.00	197.00	324.00	197.00	324.00	303.00	262.00	303.00
frame00434.jpg	261.00	198.00	323.00	198.00	323.00	304.00	261.00	304.00
frame00435.jpg	260.00	200.00	322.00	200.00	322.00	306.00	260.00	306.00
frame00436.jpg	260.00	202.00	322.00	202.00	322.00	308.00	260.00	308.00
frame00437.jpg	259.00	203.00	321.00	203.00	321.00	309.00	259.00	309.00
frame00438.jpg	258.00	205.00	320.00	205.00	320.00	311.00	258.00	311.00
frame00439.jpg	258.00	207.00	320.00	207.00	320.00	313.00	258.00	313.00
frame00440.jpg	257.00	208.00	319.00	208.00	319.00	314.00	257.00	314.00
frame00441.jpg	256.00	210.00	318.00	210.00	318.00	316.00	256.00	316.00
frame00442.jpg	256.00	212.00	318.00	212.00	318.00	318.00	256.00	318.00
frame00443.jpg	254.00	213.00	316.00	213.00	316.00	319.00	254.00	319.00
frame00444.jpg	253.00	215.00	315.00	215.00	315.00	321.00	253.00	321.00
frame00445.jpg	251.00	217.00	313.00	217.00	313.00	323.00	251.00	323.00
frame00446.jpg	250.00	219.00	312.00	219.00	312.00	325.00	250.00	325.00
frame00447.jpg	249.00	220.00	311.00	220.00	311.00	326.00	249.00	326.00
frame00448.jpg	247.00	222.00	309.00	222.00	309.00	328.00	247.00	328.00
frame00449.jpg	246.00	224.00	308.00	224.00	308.00	330.00	246.00	330.00
frame00450.jpg	245.00	226.00	307.00	226.00	307.00	332.00	245.00	332.00
frame00451.jpg	243.00	224.00	305.00	224.00	305.00	330.00	243.00	330.00
frame00452.jpg	241.00	222.00	303.00	222.00	303.00	328.00	241.00	328.00
frame00453.jpg	240.00	221.00	302.00	221.00	302.00	327.00	240.00	327.00
frame00454.jpg	239.00	218.00	301.00	218.00	301.00	324.00	239.00	324.00
frame00455.jpg	239.00	215.00	301.00	215.00	301.00	321.00	239.00	321.00
frame00456.jpg	239.00	212.00	301.00	212.00	301.00	318.00	239.00	318.00
frame00457.jpg	238.00	205.00	300.00	205.00	300.00	311.00	238.00	311.00
frame00458.jpg	238.00	198.00	300.00	198.00	300.00	304.00	238.00	304.00
frame00459.jpg	238.00	191.00	300.00	191.00	300.00	297.00	238.00	297.00
frame00460.jpg	238.00	181.00	300.00	181.00	300.00	287.00	238.00	287.00
frame00461.jpg	239.00	171.00	301.00	171.00	301.00	277.00	239.00	277.00
frame00462.jpg	240.00	161.00	302.00	161.00	302.00	267.00	240.00	267.00
frame00463.jpg	241.00	152.00	303.00	152.00	303.00	258.00	241.00	258.00
frame00464.jpg	242.00	145.00	304.00	145.00	304.00	252.00	242.00	252.00
frame00465.jpg	244.00	139.00	306.00	139.00	306.00	247.00	244.00	247.00
frame00466.jpg	246.00	133.00	308.00	133.00	308.00	242.00	246.00	242.00
frame00467.jpg	247.00	127.00	309.00	127.00	309.00	236.00	247.00	236.00
frame00468.jpg	249.00	121.00	311.00	121.00	311.00	231.00	249.00	231.00
frame00469.jpg	251.00	115.00	313.00	115.00	313.00	226.00	251.00	226.00
frame00470.jpg	254.00	113.00	317.00	113.00	317.00	227.00	254.00	227.00
frame00471.jpg	258.00	111.00	322.00	111.00	322.00	228.00	258.00	228.00
frame00472.jpg	262.00	109.00	327.00	109.00	327.00	229.00	262.00	229.00
frame00473.jpg	265.00	107.00	332.00	107.00	332.00	230.00	265.00	230.00
frame00474.jpg	269.00	105.00	337.00	105.00	337.00	231.00	269.00	231.00
frame00475.jpg	273.00	103.00	342.00	103.00	342.00	232.00	273.00	232.00
frame00476.jpg	277.00	102.00	347.00	102.00	347.00	233.00	277.00	233.00
frame00477.jpg	278.00	104.00	350.00	104.00	350.00	240.00	278.00	240.00
frame00478.jpg	280.00	107.00	354.00	107.00	354.00	247.00	280.00	247.00
frame00479.jpg	282.00	110.00	358.00	110.00	358.00	254.00	282.00	254.00
frame00480.jpg	283.00	113.00	362.00	113.00	362.00	261.00	283.00	261.00
frame00481.jpg	285.00	116.00	366.00	116.00	366.00	268.00	285.00	268.00
frame00482.jpg	287.00	119.00	370.00	119.00	370.00	276.00	287.00	276.00
frame00483.jpg	283.00	128.00	366.00	128.00	366.00	285.00	283.00	285.00
frame00484.jpg	279.00	138.00	362.00	138.00	362.00	295.00	279.00	295.00
frame00485.jpg	275.00	148.00	358.00	148.00	358.00	305.00	275.00	305.00
frame00486.jpg	271.00	158.00	354.00	158.00	354.00	315.00	271.00	315.00
frame00487.jpg	268.00	168.00	351.00	168.00	351.00	325.00	268.00	325.00
frame00488.jpg	259.00	180.00	342.00	180.00	342.00	337.00	259.00	337.00
frame00489.jpg	251.00	192.00	334.00	192.00	334.00	349.00	251.00	349.00
frame00490.jpg	243.00	204.00	326.00	204.00	326.00	361.00	243.00	361.00
frame00491.jpg	233.00	211.00	316.00	211.00	316.00	368.00	233.00	368.00
frame00492.jpg	224.00	218.00	307.00	218.00	307.00	375.00	224.00	375.00
frame00493.jpg	215.00	225.00	298.00	225.00	298.00	382.00	215.00	382.00
frame00494.jpg	209.00	224.00	292.00	224.00	292.00	377.00	209.00	377.00
frame00495.jpg	203.00	224.00	286.00	224.00	286.00	372.00	203.00	372.00
frame00496.jpg	197.00	223.00	280.00	223.00	280.00	367.00	197.00	367.00
frame00497.jpg	191.00	223.00	274.00	223.00	274.00	363.00	191.00	363.00
frame00498.jpg	189.00	214.00	272.00	214.00	272.00	354.00	189.00	354.00
frame00499.jpg	188.00	205.00	271.00	205.00	271.00	345.00	188.00	345.00
frame00500.jpg	187.00	197.00	270.00	197.00	270.00	337.00	187.00	337.00
frame00501.jpg	189.00	188.00	272.00	188.00	272.00	328.00	189.00	328.00
frame00502.jpg	191.00	179.00	274.00	179.00	274.00	319.00	191.00	319.00
frame00503.jpg	193.00	170.00	276.00	170.00	276.00	310.00	193.00	310.00
frame00504.jpg	196.00	162.00	279.00	162.00	279.00	302.00	196.00	302.00
frame00505.jpg	201.00	156.00	284.00	156.00	284.00	296.00	201.00	296.00
frame00506.jpg	206.00	151.00	289.00	151.00	289.00	291.00	206.00	291.00
frame00507.jpg	211.00	146.00	294.00	146.00	294.00	286.00	211.00	286.00
frame00508.jpg	217.00	141.00	300.00	141.00	300.00	281.00	217.00	281.00
frame00509.jpg	224.00	138.00	307.00	138.00	307.00	282.00	224.00	282.00
frame00510.jpg	232.00	136.00	315.00	136.00	315.00	283.00	232.00	283.00
frame00511.jpg	240.00	134.00	323.00	134.00	323.00	284.00	240.00	284.00
frame00512.jpg	248.00	132.00	331.00	132.00	331.00	286.00	248.00	286.00
frame00513.jpg	257.00	134.00	340.00	134.00	340.00	288.00	257.00	288.00
frame00514.jpg	267.00	136.00	350.00	136.00	350.00	290.00	267.00	290.00
frame00515.jpg	277.00	139.00	360.00	139.00	360.00	293.00	277.00	293.00
frame00516.jpg	290.00	143.00	373.00	143.00	373.00	297.00	290.00	297.00
frame00517.jpg	304.00	148.00	387.00	148.00	387.00	302.00	304.00	302.00
frame00518.jpg	317.00	152.00	400.00	152.00	400.00	306.00	317.00	306.00
frame00519.jpg	331.00	157.00	414.00	157.00	414.00	311.00	331.00	311.00
frame00520.jpg	343.00	160.00	426.00	160.00	426.00	310.00	343.00	310.00
frame00521.jpg	355.00	163.00	438.00	163.00	438.00	310.00	355.00	310.00
frame00522.jpg	367.00	166.00	450.00	166.00	450.00	310.00	367.00	310.00
frame00523.jpg	380.00	169.00	463.00	169.00	463.00	310.00	380.00	310.00
frame00524.jpg	390.00	169.00	470.00	169.00	470.00	307.00	390.00	307.00
frame00525.jpg	400.00	169.00	478.00	169.00	478.00	305.00	400.00	305.00
frame00526.jpg	410.00	169.00	486.00	169.00	486.00	303.00	410.00	303.00
frame00527.jpg	421.00	170.00	494.00	170.00	494.00	301.00	421.00	301.00
frame00528.jpg	423.00	164.00	496.00	164.00	496.00	295.00	423.00	295.00
frame00529.jpg	425.00	159.00	498.00	159.00	498.00	290.00	425.00	290.00
frame00530.jpg	427.00	154.00	500.00	154.00	500.00	285.00	427.00	285.00
frame00531.jpg	429.00	149.00	502.00	149.00	502.00	280.00	429.00	280.00
frame00532.jpg	423.00	146.00	496.00	146.00	496.00	277.00	423.00	277.00
frame00533.jpg	417.00	143.00	490.00	143.00	490.00	274.00	417.00	274.00
frame00534.jpg	411.00	140.00	484.00	140.00	484.00	271.00	411.00	271.00
frame00535.jpg	405.00	137.00	478.00	137.00	478.00	268.00	405.00	268.00
frame00536.jpg	388.00	133.00	461.00	133.00	461.00	264.00	388.00	264.00
frame00537.jpg	372.00	129.00	445.00	129.00	445.00	260.00	372.00	260.00
frame00538.jpg	355.00	125.00	428.00	125.00	428.00	256.00	355.00	256.00
frame00539.jpg	339.00	122.00	412.00	122.00	412.00	253.00	339.00	253.00
frame00540.jpg	315.00	119.00	388.00	119.00	388.00	254.00	315.00	254.00
frame00541.jpg	292.00	116.00	365.00	116.00	365.00	255.00	292.00	255.00
frame00542.jpg	269.00	113.00	342.00	113.00	342.00	257.00	269.00	257.00
frame00543.jpg	240.00	112.00	313.00	112.00	313.00	256.00	240.00	256.00
frame00544.jpg	212.00	111.00	284.00	111.00	284.00	256.00	212.00	256.00
frame00545.jpg	184.00	111.00	255.00	111.00	255.00	256.00	184.00	256.00
frame00546.jpg	155.00	114.00	225.00	114.00	225.00	259.00	155.00	259.00
frame00547.jpg	126.00	117.00	195.00	117.00	195.00	263.00	126.00	263.00
frame00548.jpg	97.00	120.00	165.00	120.00	165.00	266.00	97.00	266.00
frame00549.jpg	68.00	123.00	136.00	123.00	136.00	270.00	68.00	270.00
frame00550.jpg	49.00	122.00	116.00	122.00	116.00	269.00	49.00	269.00
frame00551.jpg	30.00	121.00	97.00	121.00	97.00	269.00	30.00	269.00
frame00552.jpg	12.00	120.00	78.00	120.00	78.00	269.00	12.00	269.00
frame00553.jpg	 9.00	113.00	74.00	113.00	74.00	263.00	 9.00	263.00
frame00554.jpg	 6.00	107.00	70.00	107.00	70.00	258.00	 6.00	258.00
frame00555.jpg	 3.00	101.00	66.00	101.00	66.00	253.00	 3.00	253.00
frame00556.jpg	 0.00	95.00	63.00	95.00	63.00	248.00	 0.00	248.00
frame00557.jpg	 3.00	87.00	70.00	87.00	70.00	239.00	 3.00	239.00
frame00558.jpg	 7.00	80.00	77.00	80.00	77.00	230.00	 7.00	230.00
frame00559.jpg	10.00	72.00	84.00	72.00	84.00	221.00	10.00	221.00
frame00560.jpg	14.00	65.00	91.00	65.00	91.00	212.00	14.00	212.00
frame00561.jpg	18.00	58.00	99.00	58.00	99.00	203.00	18.00	203.00
frame00562.jpg	31.00	52.00	112.00	52.00	112.00	195.00	31.00	195.00
frame00563.jpg	44.00	46.00	126.00	46.00	126.00	187.00	44.00	187.00
frame00564.jpg	57.00	40.00	139.00	40.00	139.00	179.00	57.00	179.00
frame00565.jpg	71.00	34.00	153.00	34.00	153.00	171.00	71.00	171.00
frame00566.jpg	88.00	30.00	170.00	30.00	170.00	167.00	88.00	167.00
frame00567.jpg	105.00	26.00	187.00	26.00	187.00	163.00	105.00	163.00
frame00568.jpg	123.00	22.00	205.00	22.00	205.00	159.00	123.00	159.00
frame00569.jpg	136.00	21.00	218.00	21.00	218.00	158.00	136.00	158.00
frame00570.jpg	150.00	20.00	232.00	20.00	232.00	157.00	150.00	157.00
frame00571.jpg	164.00	20.00	246.00	20.00	246.00	157.00	164.00	157.00
frame00572.jpg	178.00	21.00	260.00	21.00	260.00	158.00	178.00	158.00
frame00573.jpg	193.00	22.00	275.00	22.00	275.00	159.00	193.00	159.00
frame00574.jpg	208.00	23.00	290.00	23.00	290.00	160.00	208.00	160.00
frame00575.jpg	221.00	25.00	301.00	25.00	301.00	162.00	221.00	162.00
frame00576.jpg	234.00	28.00	312.00	28.00	312.00	165.00	234.00	165.00
frame00577.jpg	248.00	31.00	323.00	31.00	323.00	168.00	248.00	168.00
frame00578.jpg	256.00	37.00	331.00	37.00	331.00	174.00	256.00	174.00
frame00579.jpg	264.00	43.00	339.00	43.00	339.00	180.00	264.00	180.00
frame00580.jpg	273.00	49.00	348.00	49.00	348.00	186.00	273.00	186.00
frame00581.jpg	278.00	57.00	353.00	57.00	353.00	194.00	278.00	194.00
frame00582.jpg	283.00	65.00	358.00	65.00	358.00	202.00	283.00	202.00
frame00583.jpg	289.00	74.00	364.00	74.00	364.00	211.00	289.00	211.00
frame00584.jpg	289.00	83.00	364.00	83.00	364.00	220.00	289.00	220.00
frame00585.jpg	289.00	92.00	364.00	92.00	364.00	229.00	289.00	229.00
frame00586.jpg	289.00	101.00	364.00	101.00	364.00	238.00	289.00	238.00
frame00587.jpg	287.00	109.00	362.00	109.00	362.00	246.00	287.00	246.00
frame00588.jpg	286.00	118.00	361.00	118.00	361.00	255.00	286.00	255.00
frame00589.jpg	285.00	127.00	360.00	127.00	360.00	264.00	285.00	264.00
frame00590.jpg	283.00	135.00	358.00	135.00	358.00	270.00	283.00	270.00
frame00591.jpg	281.00	143.00	356.00	143.00	356.00	277.00	281.00	277.00
frame00592.jpg	279.00	152.00	354.00	152.00	354.00	284.00	279.00	284.00
frame00593.jpg	278.00	159.00	353.00	159.00	353.00	291.00	278.00	291.00
frame00594.jpg	277.00	166.00	352.00	166.00	352.00	298.00	277.00	298.00
frame00595.jpg	277.00	173.00	352.00	173.00	352.00	305.00	277.00	305.00
frame00596.jpg	278.00	179.00	353.00	179.00	353.00	309.00	278.00	309.00
frame00597.jpg	279.00	186.00	354.00	186.00	354.00	314.00	279.00	314.00
frame00598.jpg	281.00	193.00	356.00	193.00	356.00	319.00	281.00	319.00
frame00599.jpg	282.00	197.00	357.00	197.00	357.00	323.00	282.00	323.00
frame00600.jpg	283.00	201.00	358.00	201.00	358.00	327.00	283.00	327.00
frame00601.jpg	285.00	206.00	360.00	206.00	360.00	332.00	285.00	332.00
frame00602.jpg	287.00	203.00	362.00	203.00	362.00	328.00	287.00	328.00
frame00603.jpg	290.00	200.00	364.00	200.00	364.00	324.00	290.00	324.00
frame00604.jpg	292.00	197.00	366.00	197.00	366.00	320.00	292.00	320.00
frame00605.jpg	295.00	194.00	368.00	194.00	368.00	316.00	295.00	316.00
frame00606.jpg	296.00	191.00	371.00	191.00	371.00	315.00	296.00	315.00
frame00607.jpg	298.00	188.00	374.00	188.00	374.00	314.00	298.00	314.00
frame00608.jpg	300.00	185.00	377.00	185.00	377.00	314.00	300.00	314.00
frame00609.jpg	302.00	182.00	380.00	182.00	380.00	313.00	302.00	313.00
frame00610.jpg	304.00	179.00	383.00	179.00	383.00	312.00	304.00	312.00
frame00611.jpg	306.00	176.00	387.00	176.00	387.00	312.00	306.00	312.00
frame00612.jpg	305.00	176.00	387.00	176.00	387.00	314.00	305.00	314.00
frame00613.jpg	305.00	176.00	388.00	176.00	388.00	317.00	305.00	317.00
frame00614.jpg	304.00	176.00	388.00	176.00	388.00	320.00	304.00	320.00
frame00615.jpg	304.00	177.00	389.00	177.00	389.00	323.00	304.00	323.00
frame00616.jpg	299.00	177.00	385.00	177.00	385.00	326.00	299.00	326.00
frame00617.jpg	294.00	178.00	382.00	178.00	382.00	329.00	294.00	329.00
frame00618.jpg	289.00	179.00	378.00	179.00	378.00	333.00	289.00	333.00
frame00619.jpg	284.00	180.00	375.00	180.00	375.00	336.00	284.00	336.00
frame00620.jpg	279.00	181.00	371.00	181.00	371.00	339.00	279.00	339.00
frame00621.jpg	275.00	182.00	368.00	182.00	368.00	343.00	275.00	343.00
frame00622.jpg	265.00	184.00	358.00	184.00	358.00	345.00	265.00	345.00
frame00623.jpg	256.00	186.00	349.00	186.00	349.00	347.00	256.00	347.00
frame00624.jpg	246.00	188.00	339.00	188.00	339.00	349.00	246.00	349.00
frame00625.jpg	237.00	190.00	330.00	190.00	330.00	351.00	237.00	351.00
frame00626.jpg	225.00	190.00	318.00	190.00	318.00	351.00	225.00	351.00
frame00627.jpg	214.00	191.00	307.00	191.00	307.00	352.00	214.00	352.00
frame00628.jpg	203.00	192.00	296.00	192.00	296.00	353.00	203.00	353.00
frame00629.jpg	192.00	193.00	285.00	193.00	285.00	354.00	192.00	354.00
frame00630.jpg	183.00	195.00	275.00	195.00	275.00	354.00	183.00	354.00
frame00631.jpg	175.00	198.00	266.00	198.00	266.00	354.00	175.00	354.00
frame00632.jpg	167.00	200.00	256.00	200.00	256.00	354.00	167.00	354.00
frame00633.jpg	159.00	203.00	247.00	203.00	247.00	354.00	159.00	354.00
frame00634.jpg	153.00	205.00	241.00	205.00	241.00	356.00	153.00	356.00
frame00635.jpg	148.00	208.00	236.00	208.00	236.00	359.00	148.00	359.00
frame00636.jpg	142.00	210.00	230.00	210.00	230.00	361.00	142.00	361.00
frame00637.jpg	137.00	213.00	225.00	213.00	225.00	364.00	137.00	364.00
frame00638.jpg	137.00	218.00	224.00	218.00	224.00	367.00	137.00	367.00
frame00639.jpg	138.00	223.00	224.00	223.00	224.00	371.00	138.00	371.00
frame00640.jpg	139.00	228.00	224.00	228.00	224.00	374.00	139.00	374.00
frame00641.jpg	140.00	233.00	224.00	233.00	224.00	378.00	140.00	378.00
frame00642.jpg	141.00	238.00	224.00	238.00	224.00	382.00	141.00	382.00
frame00643.jpg	143.00	242.00	226.00	242.00	226.00	384.00	143.00	384.00
frame00644.jpg	145.00	247.00	228.00	247.00	228.00	387.00	145.00	387.00
frame00645.jpg	147.00	252.00	230.00	252.00	230.00	389.00	147.00	389.00
frame00646.jpg	149.00	257.00	232.00	257.00	232.00	392.00	149.00	392.00
frame00647.jpg	152.00	258.00	235.00	258.00	235.00	393.00	152.00	393.00
frame00648.jpg	155.00	260.00	238.00	260.00	238.00	395.00	155.00	395.00
frame00649.jpg	158.00	262.00	241.00	262.00	241.00	397.00	158.00	397.00
frame00650.jpg	162.00	264.00	245.00	264.00	245.00	399.00	162.00	399.00
frame00651.jpg	165.00	262.00	248.00	262.00	248.00	397.00	165.00	397.00
frame00652.jpg	169.00	260.00	252.00	260.00	252.00	395.00	169.00	395.00
frame00653.jpg	173.00	258.00	256.00	258.00	256.00	393.00	173.00	393.00
frame00654.jpg	177.00	257.00	260.00	257.00	260.00	392.00	177.00	392.00
frame00655.jpg	181.00	256.00	264.00	256.00	264.00	391.00	181.00	391.00
frame00656.jpg	186.00	256.00	269.00	256.00	269.00	391.00	186.00	391.00
frame00657.jpg	191.00	256.00	274.00	256.00	274.00	391.00	191.00	391.00
frame00658.jpg	196.00	256.00	279.00	256.00	279.00	391.00	196.00	391.00
frame00659.jpg	202.00	254.00	285.00	254.00	285.00	389.00	202.00	389.00
frame00660.jpg	208.00	253.00	291.00	253.00	291.00	388.00	208.00	388.00
frame00661.jpg	214.00	252.00	297.00	252.00	297.00	387.00	214.00	387.00
frame00662.jpg	220.00	251.00	303.00	251.00	303.00	386.00	220.00	386.00
frame00663.jpg	229.00	249.00	312.00	249.00	312.00	387.00	229.00	387.00
frame00664.jpg	239.00	248.00	322.00	248.00	322.00	388.00	239.00	388.00
frame00665.jpg	248.00	247.00	331.00	247.00	331.00	389.00	248.00	389.00
frame00666.jpg	258.00	246.00	341.00	246.00	341.00	391.00	258.00	391.00
frame00667.jpg	270.00	246.00	353.00	246.00	353.00	391.00	270.00	391.00
frame00668.jpg	282.00	246.00	365.00	246.00	365.00	391.00	282.00	391.00
frame00669.jpg	294.00	246.00	377.00	246.00	377.00	391.00	294.00	391.00
frame00670.jpg	308.00	245.00	391.00	245.00	391.00	390.00	308.00	390.00
frame00671.jpg	323.00	245.00	406.00	245.00	406.00	390.00	323.00	390.00
frame00672.jpg	337.00	244.00	420.00	244.00	420.00	389.00	337.00	389.00
frame00673.jpg	352.00	244.00	435.00	244.00	435.00	389.00	352.00	389.00
frame00674.jpg	365.00	242.00	448.00	242.00	448.00	387.00	365.00	387.00
frame00675.jpg	378.00	241.00	461.00	241.00	461.00	386.00	378.00	386.00
frame00676.jpg	391.00	240.00	474.00	240.00	474.00	385.00	391.00	385.00
frame00677.jpg	403.00	236.00	486.00	236.00	486.00	380.00	403.00	380.00
frame00678.jpg	415.00	233.00	498.00	233.00	498.00	375.00	415.00	375.00
frame00679.jpg	427.00	230.00	510.00	230.00	510.00	370.00	427.00	370.00
frame00680.jpg	440.00	227.00	523.00	227.00	523.00	365.00	440.00	365.00
frame00681.jpg	446.00	224.00	529.00	224.00	529.00	362.00	446.00	362.00
frame00682.jpg	452.00	221.00	535.00	221.00	535.00	359.00	452.00	359.00
frame00683.jpg	458.00	218.00	541.00	218.00	541.00	356.00	458.00	356.00
frame00684.jpg	464.00	215.00	547.00	215.00	547.00	353.00	464.00	353.00
frame00685.jpg	464.00	207.00	547.00	207.00	547.00	345.00	464.00	345.00
frame00686.jpg	465.00	200.00	548.00	200.00	548.00	338.00	465.00	338.00
frame00687.jpg	465.00	192.00	548.00	192.00	548.00	330.00	465.00	330.00
frame00688.jpg	466.00	185.00	549.00	185.00	549.00	323.00	466.00	323.00
frame00689.jpg	459.00	173.00	542.00	173.00	542.00	311.00	459.00	311.00
frame00690.jpg	453.00	161.00	536.00	161.00	536.00	299.00	453.00	299.00
frame00691.jpg	447.00	150.00	530.00	150.00	530.00	288.00	447.00	288.00
frame00692.jpg	435.00	133.00	518.00	133.00	518.00	278.00	435.00	278.00
frame00693.jpg	423.00	117.00	506.00	117.00	506.00	268.00	423.00	268.00
frame00694.jpg	412.00	101.00	495.00	101.00	495.00	258.00	412.00	258.00
frame00695.jpg	394.00	85.00	477.00	85.00	477.00	244.00	394.00	244.00
frame00696.jpg	377.00	69.00	460.00	69.00	460.00	230.00	377.00	230.00
frame00697.jpg	360.00	54.00	443.00	54.00	443.00	216.00	360.00	216.00
frame00698.jpg	337.00	44.00	420.00	44.00	420.00	206.00	337.00	206.00
frame00699.jpg	314.00	35.00	397.00	35.00	397.00	197.00	314.00	197.00
frame00700.jpg	292.00	26.00	375.00	26.00	375.00	188.00	292.00	188.00
frame00701.jpg	270.00	24.00	353.00	24.00	353.00	186.00	270.00	186.00
frame00702.jpg	248.00	23.00	331.00	23.00	331.00	185.00	248.00	185.00
frame00703.jpg	227.00	22.00	310.00	22.00	310.00	184.00	227.00	184.00
frame00704.jpg	207.00	26.00	292.00	26.00	292.00	192.00	207.00	192.00
frame00705.jpg	187.00	30.00	275.00	30.00	275.00	201.00	187.00	201.00
frame00706.jpg	168.00	35.00	258.00	35.00	258.00	210.00	168.00	210.00
frame00707.jpg	155.00	48.00	245.00	48.00	245.00	223.00	155.00	223.00
frame00708.jpg	142.00	61.00	232.00	61.00	232.00	236.00	142.00	236.00
frame00709.jpg	130.00	74.00	220.00	74.00	220.00	249.00	130.00	249.00
frame00710.jpg	129.00	88.00	219.00	88.00	219.00	263.00	129.00	263.00
frame00711.jpg	128.00	102.00	218.00	102.00	218.00	277.00	128.00	277.00
frame00712.jpg	127.00	117.00	217.00	117.00	217.00	292.00	127.00	292.00
frame00713.jpg	130.00	128.00	220.00	128.00	220.00	301.00	130.00	301.00
frame00714.jpg	133.00	140.00	223.00	140.00	223.00	311.00	133.00	311.00
frame00715.jpg	136.00	152.00	226.00	152.00	226.00	320.00	136.00	320.00
frame00716.jpg	140.00	164.00	230.00	164.00	230.00	330.00	140.00	330.00
frame00717.jpg	148.00	170.00	237.00	170.00	237.00	333.00	148.00	333.00
frame00718.jpg	157.00	176.00	244.00	176.00	244.00	337.00	157.00	337.00
frame00719.jpg	165.00	182.00	251.00	182.00	251.00	341.00	165.00	341.00
frame00720.jpg	174.00	189.00	259.00	189.00	259.00	345.00	174.00	345.00
frame00721.jpg	186.00	193.00	268.00	193.00	268.00	346.00	186.00	346.00
frame00722.jpg	198.00	197.00	278.00	197.00	278.00	347.00	198.00	347.00
frame00723.jpg	210.00	201.00	288.00	201.00	288.00	348.00	210.00	348.00
frame00724.jpg	223.00	206.00	298.00	206.00	298.00	349.00	223.00	349.00
frame00725.jpg	235.00	206.00	310.00	206.00	310.00	349.00	235.00	349.00
frame00726.jpg	247.00	206.00	322.00	206.00	322.00	349.00	247.00	349.00
frame00727.jpg	259.00	206.00	334.00	206.00	334.00	349.00	259.00	349.00
frame00728.jpg	271.00	206.00	346.00	206.00	346.00	349.00	271.00	349.00
frame00729.jpg	284.00	206.00	359.00	206.00	359.00	349.00	284.00	349.00
frame00730.jpg	293.00	205.00	368.00	205.00	368.00	348.00	293.00	348.00
frame00731.jpg	302.00	205.00	377.00	205.00	377.00	348.00	302.00	348.00
frame00732.jpg	311.00	204.00	386.00	204.00	386.00	347.00	311.00	347.00
frame00733.jpg	320.00	204.00	395.00	204.00	395.00	347.00	320.00	347.00
frame00734.jpg	325.00	201.00	400.00	201.00	400.00	344.00	325.00	344.00
frame00735.jpg	331.00	198.00	406.00	198.00	406.00	341.00	331.00	341.00
frame00736.jpg	337.00	195.00	412.00	195.00	412.00	338.00	337.00	338.00
frame00737.jpg	343.00	192.00	418.00	192.00	418.00	335.00	343.00	335.00
frame00738.jpg	342.00	189.00	417.00	189.00	417.00	332.00	342.00	332.00
frame00739.jpg	342.00	187.00	417.00	187.00	417.00	330.00	342.00	330.00
frame00740.jpg	342.00	185.00	417.00	185.00	417.00	328.00	342.00	328.00
frame00741.jpg	338.00	184.00	412.00	184.00	412.00	324.00	338.00	324.00
frame00742.jpg	334.00	183.00	408.00	183.00	408.00	320.00	334.00	320.00
frame00743.jpg	330.00	182.00	404.00	182.00	404.00	316.00	330.00	316.00
frame00744.jpg	327.00	181.00	400.00	181.00	400.00	312.00	327.00	312.00
frame00745.jpg	319.00	179.00	392.00	179.00	392.00	308.00	319.00	308.00
frame00746.jpg	312.00	177.00	385.00	177.00	385.00	305.00	312.00	305.00
frame00747.jpg	304.00	175.00	377.00	175.00	377.00	301.00	304.00	301.00
frame00748.jpg	297.00	174.00	370.00	174.00	370.00	298.00	297.00	298.00
frame00749.jpg	291.00	170.00	364.00	170.00	364.00	294.00	291.00	294.00
frame00750.jpg	285.00	166.00	358.00	166.00	358.00	290.00	285.00	290.00
frame00751.jpg	279.00	162.00	352.00	162.00	352.00	286.00	279.00	286.00
frame00752.jpg	273.00	158.00	346.00	158.00	346.00	282.00	273.00	282.00
frame00753.jpg	267.00	152.00	339.00	152.00	339.00	276.00	267.00	276.00
frame00754.jpg	262.00	146.00	333.00	146.00	333.00	270.00	262.00	270.00
frame00755.jpg	257.00	140.00	326.00	140.00	326.00	264.00	257.00	264.00
frame00756.jpg	252.00	135.00	320.00	135.00	320.00	259.00	252.00	259.00
frame00757.jpg	246.00	130.00	314.00	130.00	314.00	255.00	246.00	255.00
frame00758.jpg	240.00	125.00	308.00	125.00	308.00	252.00	240.00	252.00
frame00759.jpg	234.00	120.00	302.00	120.00	302.00	249.00	234.00	249.00
frame00760.jpg	228.00	116.00	296.00	116.00	296.00	246.00	228.00	246.00
frame00761.jpg	220.00	112.00	288.00	112.00	288.00	242.00	220.00	242.00
frame00762.jpg	213.00	108.00	281.00	108.00	281.00	238.00	213.00	238.00
frame00763.jpg	205.00	105.00	273.00	105.00	273.00	235.00	205.00	235.00
frame00764.jpg	198.00	101.00	266.00	101.00	266.00	231.00	198.00	231.00
frame00765.jpg	191.00	98.00	259.00	98.00	259.00	228.00	191.00	228.00
frame00766.jpg	182.00	95.00	250.00	95.00	250.00	226.00	182.00	226.00
frame00767.jpg	173.00	92.00	241.00	92.00	241.00	225.00	173.00	225.00
frame00768.jpg	164.00	89.00	232.00	89.00	232.00	223.00	164.00	223.00
frame00769.jpg	155.00	87.00	223.00	87.00	223.00	222.00	155.00	222.00
frame00770.jpg	144.00	89.00	213.00	89.00	213.00	225.00	144.00	225.00
frame00771.jpg	134.00	91.00	204.00	91.00	204.00	229.00	134.00	229.00
frame00772.jpg	123.00	93.00	195.00	93.00	195.00	232.00	123.00	232.00
frame00773.jpg	113.00	96.00	186.00	96.00	186.00	236.00	113.00	236.00
frame00774.jpg	102.00	101.00	175.00	101.00	175.00	241.00	102.00	241.00
frame00775.jpg	91.00	107.00	164.00	107.00	164.00	247.00	91.00	247.00
frame00776.jpg	80.00	113.00	153.00	113.00	153.00	253.00	80.00	253.00
frame00777.jpg	70.00	119.00	143.00	119.00	143.00	259.00	70.00	259.00
frame00778.jpg	61.00	121.00	134.00	121.00	134.00	261.00	61.00	261.00
frame00779.jpg	53.00	124.00	126.00	124.00	126.00	264.00	53.00	264.00
frame00780.jpg	44.00	126.00	117.00	126.00	117.00	266.00	44.00	266.00
frame00781.jpg	36.00	129.00	109.00	129.00	109.00	269.00	36.00	269.00
frame00782.jpg	28.00	132.00	101.00	132.00	101.00	272.00	28.00	272.00
frame00783.jpg	24.00	137.00	97.00	137.00	97.00	275.00	24.00	275.00
frame00784.jpg	21.00	142.00	94.00	142.00	94.00	278.00	21.00	278.00
frame00785.jpg	18.00	147.00	91.00	147.00	91.00	281.00	18.00	281.00
frame00786.jpg	15.00	152.00	88.00	152.00	88.00	284.00	15.00	284.00
frame00787.jpg	12.00	158.00	85.00	158.00	85.00	287.00	12.00	287.00
frame00788.jpg	13.00	165.00	86.00	165.00	86.00	293.00	13.00	293.00
frame00789.jpg	15.00	173.00	88.00	173.00	88.00	299.00	15.00	299.00
frame00790.jpg	17.00	181.00	90.00	181.00	90.00	305.00	17.00	305.00
frame00791.jpg	19.00	189.00	92.00	189.00	92.00	312.00	19.00	312.00
frame00792.jpg	21.00	195.00	94.00	195.00	94.00	314.00	21.00	314.00
frame00793.jpg	24.00	201.00	97.00	201.00	97.00	317.00	24.00	317.00
frame00794.jpg	26.00	207.00	99.00	207.00	99.00	319.00	26.00	319.00
frame00795.jpg	29.00	213.00	102.00	213.00	102.00	322.00	29.00	322.00
frame00796.jpg	32.00	214.00	105.00	214.00	105.00	322.00	32.00	322.00
frame00797.jpg	36.00	216.00	109.00	216.00	109.00	322.00	36.00	322.00
frame00798.jpg	39.00	218.00	112.00	218.00	112.00	322.00	39.00	322.00
frame00799.jpg	43.00	220.00	116.00	220.00	116.00	323.00	43.00	323.00
frame00800.jpg	45.00	220.00	117.00	220.00	117.00	323.00	45.00	323.00
frame00801.jpg	48.00	220.00	118.00	220.00	118.00	323.00	48.00	323.00
frame00802.jpg	51.00	221.00	119.00	221.00	119.00	324.00	51.00	324.00
frame00803.jpg	54.00	221.00	120.00	221.00	120.00	324.00	54.00	324.00
frame00804.jpg	57.00	222.00	121.00	222.00	121.00	325.00	57.00	325.00
frame00805.jpg	56.00	223.00	120.00	223.00	120.00	326.00	56.00	326.00
frame00806.jpg	55.00	224.00	119.00	224.00	119.00	327.00	55.00	327.00
frame00807.jpg	54.00	225.00	118.00	225.00	118.00	328.00	54.00	328.00
frame00808.jpg	54.00	227.00	118.00	227.00	118.00	330.00	54.00	330.00
frame00809.jpg	53.00	228.00	117.00	228.00	117.00	331.00	53.00	331.00
frame00810.jpg	52.00	229.00	116.00	229.00	116.00	332.00	52.00	332.00
frame00811.jpg	52.00	231.00	116.00	231.00	116.00	334.00	52.00	334.00
frame00812.jpg	49.00	232.00	113.00	232.00	113.00	335.00	49.00	335.00
frame00813.jpg	47.00	233.00	111.00	233.00	111.00	336.00	47.00	336.00
frame00814.jpg	45.00	234.00	109.00	234.00	109.00	337.00	45.00	337.00
frame00815.jpg	43.00	235.00	107.00	235.00	107.00	338.00	43.00	338.00
frame00816.jpg	41.00	236.00	105.00	236.00	105.00	339.00	41.00	339.00
frame00817.jpg	39.00	234.00	103.00	234.00	103.00	337.00	39.00	337.00
frame00818.jpg	37.00	232.00	101.00	232.00	101.00	335.00	37.00	335.00
frame00819.jpg	35.00	230.00	99.00	230.00	99.00	333.00	35.00	333.00
frame00820.jpg	33.00	228.00	97.00	228.00	97.00	331.00	33.00	331.00
frame00821.jpg	32.00	226.00	96.00	226.00	96.00	329.00	32.00	329.00
frame00822.jpg	30.00	227.00	94.00	227.00	94.00	330.00	30.00	330.00
frame00823.jpg	29.00	228.00	93.00	228.00	93.00	331.00	29.00	331.00
frame00824.jpg	27.00	229.00	91.00	229.00	91.00	332.00	27.00	332.00
frame00825.jpg	26.00	230.00	90.00	230.00	90.00	333.00	26.00	333.00
frame00826.jpg	24.00	230.00	88.00	230.00	88.00	333.00	24.00	333.00
frame00827.jpg	22.00	230.00	86.00	230.00	86.00	333.00	22.00	333.00
frame00828.jpg	20.00	230.00	84.00	230.00	84.00	333.00	20.00	333.00
frame00829.jpg	18.00	230.00	82.00	230.00	82.00	333.00	18.00	333.00
frame00830.jpg	16.00	228.00	80.00	228.00	80.00	331.00	16.00	331.00
frame00831.jpg	14.00	227.00	78.00	227.00	78.00	330.00	14.00	330.00
frame00832.jpg	12.00	225.00	76.00	225.00	76.00	328.00	12.00	328.00
frame00833.jpg	11.00	224.00	75.00	224.00	75.00	327.00	11.00	327.00
frame00834.jpg	 9.00	225.00	73.00	225.00	73.00	328.00	 9.00	328.00
frame00835.jpg	 8.00	226.00	72.00	226.00	72.00	329.00	 8.00	329.00
frame00836.jpg	 6.00	227.00	70.00	227.00	70.00	330.00	 6.00	330.00
frame00837.jpg	 5.00	229.00	69.00	229.00	69.00	332.00	 5.00	332.00
frame00838.jpg	 4.00	229.00	68.00	229.00	68.00	332.00	 4.00	332.00
frame00839.jpg	 4.00	230.00	68.00	230.00	68.00	333.00	 4.00	333.00
frame00840.jpg	 3.00	230.00	67.00	230.00	67.00	333.00	 3.00	333.00
frame00841.jpg	 3.00	231.00	67.00	231.00	67.00	334.00	 3.00	334.00
frame00842.jpg	 2.00	232.00	68.00	232.00	68.00	339.00	 2.00	339.00
frame00843.jpg	 2.00	234.00	69.00	234.00	69.00	345.00	 2.00	345.00
frame00844.jpg	 2.00	236.00	70.00	236.00	70.00	350.00	 2.00	350.00
frame00845.jpg	 2.00	238.00	71.00	238.00	71.00	356.00	 2.00	356.00
frame00846.jpg	 3.00	239.00	72.00	239.00	72.00	357.00	 3.00	357.00
frame00847.jpg	 4.00	240.00	73.00	240.00	73.00	358.00	 4.00	358.00
frame00848.jpg	 5.00	241.00	74.00	241.00	74.00	359.00	 5.00	359.00
frame00849.jpg	 6.00	242.00	75.00	242.00	75.00	360.00	 6.00	360.00
frame00850.jpg	 7.00	243.00	76.00	243.00	76.00	361.00	 7.00	361.00
frame00851.jpg	 8.00	245.00	77.00	245.00	77.00	363.00	 8.00	363.00
frame00852.jpg	 9.00	247.00	78.00	247.00	78.00	365.00	 9.00	365.00
frame00853.jpg	10.00	248.00	79.00	248.00	79.00	366.00	10.00	366.00
frame00854.jpg	11.00	250.00	80.00	250.00	80.00	368.00	11.00	368.00
frame00855.jpg	12.00	252.00	81.00	252.00	81.00	370.00	12.00	370.00
frame00856.jpg	13.00	254.00	82.00	254.00	82.00	372.00	13.00	372.00
frame00857.jpg	13.00	254.00	82.00	254.00	82.00	372.00	13.00	372.00
frame00858.jpg	13.00	255.00	82.00	255.00	82.00	373.00	13.00	373.00
frame00859.jpg	14.00	256.00	83.00	256.00	83.00	374.00	14.00	374.00
frame00860.jpg	14.00	257.00	83.00	257.00	83.00	375.00	14.00	375.00
frame00861.jpg	14.00	258.00	83.00	258.00	83.00	376.00	14.00	376.00
frame00862.jpg	15.00	259.00	84.00	259.00	84.00	377.00	15.00	377.00
frame00863.jpg	15.00	260.00	84.00	260.00	84.00	378.00	15.00	378.00
frame00864.jpg	16.00	261.00	85.00	261.00	85.00	379.00	16.00	379.00
frame00865.jpg	16.00	261.00	86.00	261.00	86.00	381.00	16.00	381.00
frame00866.jpg	17.00	262.00	88.00	262.00	88.00	383.00	17.00	383.00
frame00867.jpg	17.00	263.00	89.00	263.00	89.00	385.00	17.00	385.00
frame00868.jpg	18.00	264.00	91.00	264.00	91.00	387.00	18.00	387.00
frame00869.jpg	18.00	265.00	92.00	265.00	92.00	389.00	18.00	389.00
frame00870.jpg	19.00	266.00	94.00	266.00	94.00	391.00	19.00	391.00
frame00871.jpg	19.00	267.00	95.00	267.00	95.00	393.00	19.00	393.00
frame00872.jpg	20.00	268.00	97.00	268.00	97.00	395.00	20.00	395.00
frame00873.jpg	22.00	268.00	99.00	268.00	99.00	395.00	22.00	395.00
frame00874.jpg	24.00	268.00	101.00	268.00	101.00	395.00	24.00	395.00
frame00875.jpg	26.00	268.00	103.00	268.00	103.00	395.00	26.00	395.00
frame00876.jpg	29.00	268.00	106.00	268.00	106.00	395.00	29.00	395.00
frame00877.jpg	31.00	268.00	108.00	268.00	108.00	395.00	31.00	395.00
frame00878.jpg	33.00	268.00	110.00	268.00	110.00	395.00	33.00	395.00
frame00879.jpg	35.00	268.00	112.00	268.00	112.00	395.00	35.00	395.00
frame00880.jpg	38.00	269.00	115.00	269.00	115.00	396.00	38.00	396.00
frame00881.jpg	41.00	266.00	118.00	266.00	118.00	393.00	41.00	393.00
frame00882.jpg	44.00	264.00	121.00	264.00	121.00	391.00	44.00	391.00
frame00883.jpg	47.00	262.00	124.00	262.00	124.00	389.00	47.00	389.00
frame00884.jpg	50.00	260.00	127.00	260.00	127.00	387.00	50.00	387.00
frame00885.jpg	53.00	257.00	130.00	257.00	130.00	384.00	53.00	384.00
frame00886.jpg	56.00	255.00	133.00	255.00	133.00	382.00	56.00	382.00
frame00887.jpg	59.00	253.00	136.00	253.00	136.00	380.00	59.00	380.00
frame00888.jpg	62.00	251.00	139.00	251.00	139.00	378.00	62.00	378.00
frame00889.jpg	65.00	249.00	143.00	249.00	143.00	377.00	65.00	377.00
frame00890.jpg	68.00	248.00	147.00	248.00	147.00	377.00	68.00	377.00
frame00891.jpg	71.00	246.00	151.00	246.00	151.00	377.00	71.00	377.00
frame00892.jpg	74.00	245.00	156.00	245.00	156.00	377.00	74.00	377.00
frame00893.jpg	77.00	243.00	160.00	243.00	160.00	377.00	77.00	377.00
frame00894.jpg	80.00	242.00	164.00	242.00	164.00	376.00	80.00	376.00
frame00895.jpg	83.00	240.00	169.00	240.00	169.00	376.00	83.00	376.00
frame00896.jpg	86.00	239.00	173.00	239.00	173.00	376.00	86.00	376.00
frame00897.jpg	89.00	237.00	177.00	237.00	177.00	376.00	89.00	376.00
frame00898.jpg	92.00	236.00	182.00	236.00	182.00	376.00	92.00	376.00
frame00899.jpg	98.00	236.00	188.00	236.00	188.00	376.00	98.00	376.00
frame00900.jpg	104.00	236.00	194.00	236.00	194.00	376.00	104.00	376.00
frame00901.jpg	110.00	236.00	200.00	236.00	200.00	376.00	110.00	376.00
frame00902.jpg	116.00	235.00	206.00	235.00	206.00	377.00	116.00	377.00
frame00903.jpg	122.00	234.00	213.00	234.00	213.00	378.00	122.00	378.00
frame00904.jpg	128.00	234.00	219.00	234.00	219.00	380.00	128.00	380.00
frame00905.jpg	134.00	233.00	226.00	233.00	226.00	381.00	134.00	381.00
frame00906.jpg	140.00	232.00	232.00	232.00	232.00	382.00	140.00	382.00
frame00907.jpg	146.00	232.00	239.00	232.00	239.00	384.00	146.00	384.00
frame00908.jpg	152.00	231.00	245.00	231.00	245.00	380.00	152.00	380.00
frame00909.jpg	158.00	231.00	251.00	231.00	251.00	376.00	158.00	376.00
frame00910.jpg	164.00	230.00	257.00	230.00	257.00	372.00	164.00	372.00
frame00911.jpg	171.00	230.00	264.00	230.00	264.00	368.00	171.00	368.00
frame00912.jpg	175.00	226.00	268.00	226.00	268.00	364.00	175.00	364.00
frame00913.jpg	180.00	222.00	273.00	222.00	273.00	360.00	180.00	360.00
frame00914.jpg	184.00	218.00	277.00	218.00	277.00	356.00	184.00	356.00
frame00915.jpg	189.00	214.00	282.00	214.00	282.00	352.00	189.00	352.00
frame00916.jpg	193.00	211.00	286.00	211.00	286.00	351.00	193.00	351.00
frame00917.jpg	198.00	209.00	291.00	209.00	291.00	350.00	198.00	350.00
frame00918.jpg	202.00	206.00	295.00	206.00	295.00	349.00	202.00	349.00
frame00919.jpg	207.00	204.00	300.00	204.00	300.00	348.00	207.00	348.00
frame00920.jpg	211.00	201.00	304.00	201.00	304.00	347.00	211.00	347.00
frame00921.jpg	216.00	199.00	309.00	199.00	309.00	347.00	216.00	347.00
frame00922.jpg	221.00	198.00	314.00	198.00	314.00	346.00	221.00	346.00
frame00923.jpg	226.00	197.00	319.00	197.00	319.00	345.00	226.00	345.00
frame00924.jpg	231.00	196.00	324.00	196.00	324.00	344.00	231.00	344.00
frame00925.jpg	237.00	195.00	330.00	195.00	330.00	343.00	237.00	343.00
frame00926.jpg	239.00	194.00	331.00	194.00	331.00	341.00	239.00	341.00
frame00927.jpg	242.00	194.00	333.00	194.00	333.00	340.00	242.00	340.00
frame00928.jpg	245.00	194.00	335.00	194.00	335.00	339.00	245.00	339.00
frame00929.jpg	247.00	194.00	337.00	194.00	337.00	338.00	247.00	338.00
frame00930.jpg	250.00	194.00	339.00	194.00	339.00	337.00	250.00	337.00
frame00931.jpg	253.00	194.00	341.00	194.00	341.00	336.00	253.00	336.00
frame00932.jpg	253.00	192.00	341.00	192.00	341.00	333.00	253.00	333.00
frame00933.jpg	253.00	191.00	341.00	191.00	341.00	331.00	253.00	331.00
frame00934.jpg	254.00	189.00	342.00	189.00	342.00	329.00	254.00	329.00
frame00935.jpg	254.00	188.00	342.00	188.00	342.00	327.00	254.00	327.00
frame00936.jpg	255.00	186.00	343.00	186.00	343.00	325.00	255.00	325.00
frame00937.jpg	255.00	185.00	343.00	185.00	343.00	323.00	255.00	323.00
frame00938.jpg	256.00	184.00	344.00	184.00	344.00	321.00	256.00	321.00
frame00939.jpg	255.00	181.00	344.00	181.00	344.00	319.00	255.00	319.00
frame00940.jpg	254.00	179.00	344.00	179.00	344.00	318.00	254.00	318.00
frame00941.jpg	253.00	177.00	344.00	177.00	344.00	317.00	253.00	317.00
frame00942.jpg	252.00	175.00	344.00	175.00	344.00	316.00	252.00	316.00
frame00943.jpg	252.00	172.00	345.00	172.00	345.00	314.00	252.00	314.00
frame00944.jpg	251.00	170.00	345.00	170.00	345.00	313.00	251.00	313.00
frame00945.jpg	250.00	168.00	345.00	168.00	345.00	312.00	250.00	312.00
frame00946.jpg	249.00	166.00	345.00	166.00	345.00	311.00	249.00	311.00
frame00947.jpg	249.00	164.00	346.00	164.00	346.00	310.00	249.00	310.00
frame00948.jpg	249.00	161.00	348.00	161.00	348.00	308.00	249.00	308.00
frame00949.jpg	249.00	158.00	350.00	158.00	350.00	307.00	249.00	307.00
frame00950.jpg	249.00	155.00	352.00	155.00	352.00	306.00	249.00	306.00
frame00951.jpg	249.00	152.00	354.00	152.00	354.00	304.00	249.00	304.00
frame00952.jpg	249.00	149.00	356.00	149.00	356.00	303.00	249.00	303.00
frame00953.jpg	250.00	146.00	358.00	146.00	358.00	302.00	250.00	302.00
frame00954.jpg	253.00	145.00	361.00	145.00	361.00	301.00	253.00	301.00
frame00955.jpg	256.00	144.00	364.00	144.00	364.00	300.00	256.00	300.00
frame00956.jpg	259.00	144.00	367.00	144.00	367.00	300.00	259.00	300.00
frame00957.jpg	262.00	143.00	370.00	143.00	370.00	299.00	262.00	299.00
frame00958.jpg	265.00	143.00	373.00	143.00	373.00	299.00	265.00	299.00
frame00959.jpg	268.00	142.00	376.00	142.00	376.00	298.00	268.00	298.00
frame00960.jpg	271.00	142.00	379.00	142.00	379.00	298.00	271.00	298.00
frame00961.jpg	273.00	141.00	381.00	141.00	381.00	297.00	273.00	297.00
frame00962.jpg	275.00	141.00	383.00	141.00	383.00	297.00	275.00	297.00
frame00963.jpg	277.00	140.00	385.00	140.00	385.00	296.00	277.00	296.00
frame00964.jpg	279.00	140.00	387.00	140.00	387.00	296.00	279.00	296.00
frame00965.jpg	281.00	139.00	389.00	139.00	389.00	295.00	281.00	295.00
frame00966.jpg	284.00	139.00	392.00	139.00	392.00	295.00	284.00	295.00
frame00967.jpg	286.00	138.00	394.00	138.00	394.00	294.00	286.00	294.00
frame00968.jpg	288.00	138.00	396.00	138.00	396.00	294.00	288.00	294.00
frame00969.jpg	290.00	137.00	398.00	137.00	398.00	293.00	290.00	293.00
frame00970.jpg	292.00	137.00	400.00	137.00	400.00	293.00	292.00	293.00
frame00971.jpg	295.00	137.00	403.00	137.00	403.00	293.00	295.00	293.00
frame00972.jpg	295.00	134.00	403.00	134.00	403.00	290.00	295.00	290.00
frame00973.jpg	296.00	132.00	404.00	132.00	404.00	288.00	296.00	288.00
frame00974.jpg	296.00	130.00	404.00	130.00	404.00	286.00	296.00	286.00
frame00975.jpg	297.00	128.00	405.00	128.00	405.00	284.00	297.00	284.00
frame00976.jpg	297.00	126.00	405.00	126.00	405.00	282.00	297.00	282.00
frame00977.jpg	298.00	124.00	406.00	124.00	406.00	280.00	298.00	280.00
frame00978.jpg	298.00	122.00	406.00	122.00	406.00	278.00	298.00	278.00
frame00979.jpg	299.00	120.00	407.00	120.00	407.00	276.00	299.00	276.00
frame00980.jpg	299.00	118.00	407.00	118.00	407.00	274.00	299.00	274.00
frame00981.jpg	300.00	116.00	408.00	116.00	408.00	272.00	300.00	272.00
frame00982.jpg	300.00	116.00	406.00	116.00	406.00	271.00	300.00	271.00
frame00983.jpg	300.00	116.00	405.00	116.00	405.00	270.00	300.00	270.00
frame00984.jpg	300.00	116.00	404.00	116.00	404.00	270.00	300.00	270.00
frame00985.jpg	300.00	116.00	402.00	116.00	402.00	269.00	300.00	269.00
frame00986.jpg	300.00	116.00	401.00	116.00	401.00	269.00	300.00	269.00
frame00987.jpg	300.00	116.00	400.00	116.00	400.00	268.00	300.00	268.00
frame00988.jpg	300.00	116.00	398.00	116.00	398.00	267.00	300.00	267.00
frame00989.jpg	300.00	116.00	397.00	116.00	397.00	267.00	300.00	267.00
frame00990.jpg	300.00	116.00	396.00	116.00	396.00	266.00	300.00	266.00
frame00991.jpg	300.00	116.00	395.00	116.00	395.00	266.00	300.00	266.00
frame00992.jpg	299.00	115.00	394.00	115.00	394.00	264.00	299.00	264.00
frame00993.jpg	299.00	114.00	394.00	114.00	394.00	263.00	299.00	263.00
frame00994.jpg	299.00	113.00	394.00	113.00	394.00	261.00	299.00	261.00
frame00995.jpg	299.00	112.00	394.00	112.00	394.00	260.00	299.00	260.00
frame00996.jpg	299.00	112.00	394.00	112.00	394.00	258.00	299.00	258.00
frame00997.jpg	299.00	111.00	394.00	111.00	394.00	257.00	299.00	257.00
frame00998.jpg	299.00	110.00	394.00	110.00	394.00	255.00	299.00	255.00
frame00999.jpg	299.00	109.00	394.00	109.00	394.00	254.00	299.00	254.00
frame01000.jpg	299.00	108.00	394.00	108.00	394.00	252.00	299.00	252.00
frame01001.jpg	299.00	108.00	394.00	108.00	394.00	251.00	299.00	251.00
frame01002.jpg	299.00	110.00	393.00	110.00	393.00	253.00	299.00	253.00
frame01003.jpg	300.00	113.00	393.00	113.00	393.00	256.00	300.00	256.00
frame01004.jpg	300.00	115.00	393.00	115.00	393.00	258.00	300.00	258.00
frame01005.jpg	301.00	118.00	392.00	118.00	392.00	261.00	301.00	261.00
frame01006.jpg	301.00	120.00	392.00	120.00	392.00	263.00	301.00	263.00
frame01007.jpg	302.00	123.00	392.00	123.00	392.00	266.00	302.00	266.00
frame01008.jpg	302.00	125.00	391.00	125.00	391.00	268.00	302.00	268.00
frame01009.jpg	303.00	128.00	391.00	128.00	391.00	271.00	303.00	271.00
frame01010.jpg	303.00	130.00	391.00	130.00	391.00	273.00	303.00	273.00
frame01011.jpg	304.00	133.00	390.00	133.00	390.00	276.00	304.00	276.00
frame01012.jpg	304.00	135.00	390.00	135.00	390.00	278.00	304.00	278.00
frame01013.jpg	305.00	138.00	390.00	138.00	390.00	281.00	305.00	281.00
frame01014.jpg	306.00	141.00	390.00	141.00	390.00	284.00	306.00	284.00
frame01015.jpg	306.00	144.00	390.00	144.00	390.00	287.00	306.00	287.00
frame01016.jpg	307.00	148.00	391.00	148.00	391.00	291.00	307.00	291.00
frame01017.jpg	308.00	151.00	392.00	151.00	392.00	294.00	308.00	294.00
frame01018.jpg	308.00	155.00	392.00	155.00	392.00	298.00	308.00	298.00
frame01019.jpg	309.00	158.00	393.00	158.00	393.00	301.00	309.00	301.00
frame01020.jpg	310.00	162.00	394.00	162.00	394.00	305.00	310.00	305.00
frame01021.jpg	311.00	166.00	395.00	166.00	395.00	309.00	311.00	309.00
frame01022.jpg	316.00	167.00	400.00	167.00	400.00	310.00	316.00	310.00
frame01023.jpg	321.00	168.00	405.00	168.00	405.00	311.00	321.00	311.00
frame01024.jpg	326.00	169.00	410.00	169.00	410.00	312.00	326.00	312.00
frame01025.jpg	331.00	170.00	415.00	170.00	415.00	313.00	331.00	313.00
frame01026.jpg	336.00	171.00	420.00	171.00	420.00	314.00	336.00	314.00
frame01027.jpg	341.00	172.00	425.00	172.00	425.00	315.00	341.00	315.00
frame01028.jpg	349.00	172.00	433.00	172.00	433.00	315.00	349.00	315.00
frame01029.jpg	358.00	172.00	442.00	172.00	442.00	315.00	358.00	315.00
frame01030.jpg	367.00	172.00	451.00	172.00	451.00	315.00	367.00	315.00
frame01031.jpg	375.00	171.00	462.00	171.00	462.00	316.00	375.00	316.00
frame01032.jpg	383.00	170.00	473.00	170.00	473.00	317.00	383.00	317.00
frame01033.jpg	391.00	169.00	484.00	169.00	484.00	318.00	391.00	318.00
frame01034.jpg	399.00	168.00	496.00	168.00	496.00	319.00	399.00	319.00
frame01035.jpg	407.00	167.00	507.00	167.00	507.00	320.00	407.00	320.00
frame01036.jpg	415.00	166.00	518.00	166.00	518.00	321.00	415.00	321.00
frame01037.jpg	424.00	166.00	530.00	166.00	530.00	322.00	424.00	322.00
frame01038.jpg	429.00	164.00	535.00	164.00	535.00	320.00	429.00	320.00
frame01039.jpg	434.00	163.00	540.00	163.00	540.00	319.00	434.00	319.00
frame01040.jpg	440.00	162.00	546.00	162.00	546.00	318.00	440.00	318.00
frame01041.jpg	440.00	159.00	546.00	159.00	546.00	315.00	440.00	315.00
frame01042.jpg	440.00	157.00	546.00	157.00	546.00	313.00	440.00	313.00
frame01043.jpg	441.00	155.00	547.00	155.00	547.00	311.00	441.00	311.00
frame01044.jpg	435.00	153.00	541.00	153.00	541.00	309.00	435.00	309.00
frame01045.jpg	429.00	151.00	535.00	151.00	535.00	307.00	429.00	307.00
frame01046.jpg	424.00	150.00	530.00	150.00	530.00	306.00	424.00	306.00
frame01047.jpg	414.00	147.00	520.00	147.00	520.00	303.00	414.00	303.00
frame01048.jpg	404.00	144.00	510.00	144.00	510.00	300.00	404.00	300.00
frame01049.jpg	394.00	142.00	500.00	142.00	500.00	298.00	394.00	298.00
frame01050.jpg	384.00	140.00	490.00	140.00	490.00	296.00	384.00	296.00
frame01051.jpg	375.00	138.00	481.00	138.00	481.00	294.00	375.00	294.00
frame01052.jpg	366.00	136.00	472.00	136.00	472.00	292.00	366.00	292.00
frame01053.jpg	354.00	133.00	460.00	133.00	460.00	289.00	354.00	289.00
frame01054.jpg	343.00	130.00	449.00	130.00	449.00	286.00	343.00	286.00
frame01055.jpg	332.00	128.00	438.00	128.00	438.00	284.00	332.00	284.00
frame01056.jpg	325.00	123.00	431.00	123.00	431.00	279.00	325.00	279.00
frame01057.jpg	318.00	118.00	424.00	118.00	424.00	274.00	318.00	274.00
frame01058.jpg	311.00	114.00	417.00	114.00	417.00	270.00	311.00	270.00
frame01059.jpg	308.00	111.00	417.00	111.00	417.00	268.00	308.00	268.00
frame01060.jpg	305.00	109.00	418.00	109.00	418.00	267.00	305.00	267.00
frame01061.jpg	302.00	106.00	419.00	106.00	419.00	266.00	302.00	266.00
frame01062.jpg	299.00	104.00	420.00	104.00	420.00	265.00	299.00	265.00
frame01063.jpg	296.00	102.00	421.00	102.00	421.00	264.00	296.00	264.00
frame01064.jpg	297.00	101.00	422.00	101.00	422.00	265.00	297.00	265.00
frame01065.jpg	298.00	100.00	423.00	100.00	423.00	266.00	298.00	266.00
frame01066.jpg	300.00	100.00	425.00	100.00	425.00	268.00	300.00	268.00
frame01067.jpg	301.00	99.00	426.00	99.00	426.00	269.00	301.00	269.00
frame01068.jpg	303.00	99.00	428.00	99.00	428.00	271.00	303.00	271.00
frame01069.jpg	304.00	98.00	429.00	98.00	429.00	272.00	304.00	272.00
frame01070.jpg	306.00	98.00	431.00	98.00	431.00	274.00	306.00	274.00
frame01071.jpg	304.00	102.00	429.00	102.00	429.00	278.00	304.00	278.00
frame01072.jpg	302.00	106.00	427.00	106.00	427.00	282.00	302.00	282.00
frame01073.jpg	300.00	110.00	425.00	110.00	425.00	286.00	300.00	286.00
frame01074.jpg	298.00	114.00	423.00	114.00	423.00	290.00	298.00	290.00
frame01075.jpg	295.00	119.00	415.00	119.00	415.00	295.00	295.00	295.00
frame01076.jpg	292.00	124.00	407.00	124.00	407.00	300.00	292.00	300.00
frame01077.jpg	290.00	129.00	399.00	129.00	399.00	305.00	290.00	305.00
frame01078.jpg	285.00	136.00	389.00	136.00	389.00	310.00	285.00	310.00
frame01079.jpg	280.00	144.00	380.00	144.00	380.00	315.00	280.00	315.00
frame01080.jpg	275.00	152.00	371.00	152.00	371.00	320.00	275.00	320.00
frame01081.jpg	270.00	160.00	362.00	160.00	362.00	325.00	270.00	325.00
frame01082.jpg	266.00	158.00	355.00	158.00	355.00	322.00	266.00	322.00
frame01083.jpg	263.00	156.00	349.00	156.00	349.00	319.00	263.00	319.00
frame01084.jpg	259.00	154.00	342.00	154.00	342.00	316.00	259.00	316.00
frame01085.jpg	256.00	153.00	336.00	153.00	336.00	313.00	256.00	313.00
frame01086.jpg	250.00	146.00	332.00	146.00	332.00	306.00	250.00	306.00
frame01087.jpg	245.00	139.00	328.00	139.00	328.00	299.00	245.00	299.00
frame01088.jpg	240.00	132.00	324.00	132.00	324.00	292.00	240.00	292.00
frame01089.jpg	235.00	126.00	321.00	126.00	321.00	286.00	235.00	286.00
frame01090.jpg	235.00	119.00	323.00	119.00	323.00	279.00	235.00	279.00
frame01091.jpg	235.00	113.00	325.00	113.00	325.00	273.00	235.00	273.00
frame01092.jpg	235.00	107.00	327.00	107.00	327.00	267.00	235.00	267.00
frame01093.jpg	236.00	101.00	329.00	101.00	329.00	261.00	236.00	261.00
frame01094.jpg	234.00	92.00	332.00	92.00	332.00	256.00	234.00	256.00
frame01095.jpg	233.00	84.00	335.00	84.00	335.00	251.00	233.00	251.00
frame01096.jpg	232.00	76.00	338.00	76.00	338.00	246.00	232.00	246.00
frame01097.jpg	231.00	68.00	342.00	68.00	342.00	241.00	231.00	241.00
frame01098.jpg	231.00	64.00	342.00	64.00	342.00	237.00	231.00	237.00
frame01099.jpg	232.00	61.00	343.00	61.00	343.00	234.00	232.00	234.00
frame01100.jpg	232.00	57.00	343.00	57.00	343.00	230.00	232.00	230.00
frame01101.jpg	233.00	54.00	344.00	54.00	344.00	227.00	233.00	227.00
frame01102.jpg	234.00	51.00	345.00	51.00	345.00	224.00	234.00	224.00
frame01103.jpg	230.00	53.00	341.00	53.00	341.00	226.00	230.00	226.00
frame01104.jpg	227.00	55.00	338.00	55.00	338.00	228.00	227.00	228.00
frame01105.jpg	223.00	57.00	334.00	57.00	334.00	230.00	223.00	230.00
frame01106.jpg	220.00	59.00	331.00	59.00	331.00	232.00	220.00	232.00
frame01107.jpg	217.00	61.00	328.00	61.00	328.00	234.00	217.00	234.00
frame01108.jpg	210.00	61.00	321.00	61.00	321.00	234.00	210.00	234.00
frame01109.jpg	203.00	61.00	314.00	61.00	314.00	234.00	203.00	234.00
frame01110.jpg	196.00	61.00	307.00	61.00	307.00	234.00	196.00	234.00
frame01111.jpg	189.00	62.00	300.00	62.00	300.00	235.00	189.00	235.00
frame01112.jpg	183.00	61.00	293.00	61.00	293.00	230.00	183.00	230.00
frame01113.jpg	178.00	61.00	286.00	61.00	286.00	226.00	178.00	226.00
frame01114.jpg	172.00	61.00	279.00	61.00	279.00	222.00	172.00	222.00
frame01115.jpg	167.00	61.00	273.00	61.00	273.00	218.00	167.00	218.00
frame01116.jpg	162.00	60.00	268.00	60.00	268.00	217.00	162.00	217.00
frame01117.jpg	157.00	59.00	263.00	59.00	263.00	216.00	157.00	216.00
frame01118.jpg	152.00	59.00	258.00	59.00	258.00	216.00	152.00	216.00
frame01119.jpg	147.00	58.00	253.00	58.00	253.00	215.00	147.00	215.00
frame01120.jpg	143.00	58.00	249.00	58.00	249.00	215.00	143.00	215.00
frame01121.jpg	143.00	57.00	248.00	57.00	248.00	212.00	143.00	212.00
frame01122.jpg	143.00	56.00	247.00	56.00	247.00	209.00	143.00	209.00
frame01123.jpg	143.00	55.00	246.00	55.00	246.00	207.00	143.00	207.00
frame01124.jpg	143.00	54.00	246.00	54.00	246.00	204.00	143.00	204.00
frame01125.jpg	143.00	53.00	245.00	53.00	245.00	202.00	143.00	202.00
frame01126.jpg	143.00	52.00	244.00	52.00	244.00	199.00	143.00	199.00
frame01127.jpg	144.00	52.00	244.00	52.00	244.00	197.00	144.00	197.00
frame01128.jpg	145.00	51.00	245.00	51.00	245.00	196.00	145.00	196.00
frame01129.jpg	146.00	51.00	246.00	51.00	246.00	196.00	146.00	196.00
frame01130.jpg	147.00	51.00	247.00	51.00	247.00	196.00	147.00	196.00
frame01131.jpg	148.00	51.00	248.00	51.00	248.00	196.00	148.00	196.00
frame01132.jpg	150.00	51.00	250.00	51.00	250.00	196.00	150.00	196.00
frame01133.jpg	149.00	51.00	249.00	51.00	249.00	196.00	149.00	196.00
frame01134.jpg	148.00	52.00	248.00	52.00	248.00	197.00	148.00	197.00
frame01135.jpg	147.00	52.00	247.00	52.00	247.00	197.00	147.00	197.00
frame01136.jpg	146.00	53.00	246.00	53.00	246.00	198.00	146.00	198.00
frame01137.jpg	145.00	53.00	245.00	53.00	245.00	198.00	145.00	198.00
frame01138.jpg	144.00	54.00	244.00	54.00	244.00	199.00	144.00	199.00
frame01139.jpg	144.00	55.00	244.00	55.00	244.00	200.00	144.00	200.00
frame01140.jpg	143.00	55.00	243.00	55.00	243.00	200.00	143.00	200.00
frame01141.jpg	142.00	56.00	242.00	56.00	242.00	201.00	142.00	201.00
frame01142.jpg	141.00	56.00	241.00	56.00	241.00	201.00	141.00	201.00
frame01143.jpg	140.00	57.00	240.00	57.00	240.00	202.00	140.00	202.00
frame01144.jpg	139.00	57.00	239.00	57.00	239.00	202.00	139.00	202.00
frame01145.jpg	138.00	58.00	238.00	58.00	238.00	203.00	138.00	203.00
frame01146.jpg	138.00	59.00	238.00	59.00	238.00	204.00	138.00	204.00
frame01147.jpg	136.00	60.00	236.00	60.00	236.00	205.00	136.00	205.00
frame01148.jpg	135.00	62.00	235.00	62.00	235.00	206.00	135.00	206.00
frame01149.jpg	134.00	64.00	234.00	64.00	234.00	207.00	134.00	207.00
frame01150.jpg	133.00	66.00	233.00	66.00	233.00	208.00	133.00	208.00
frame01151.jpg	131.00	67.00	231.00	67.00	231.00	210.00	131.00	210.00
frame01152.jpg	130.00	69.00	230.00	69.00	230.00	211.00	130.00	211.00
frame01153.jpg	129.00	71.00	229.00	71.00	229.00	212.00	129.00	212.00
frame01154.jpg	128.00	73.00	228.00	73.00	228.00	213.00	128.00	213.00
frame01155.jpg	127.00	75.00	227.00	75.00	227.00	215.00	127.00	215.00
frame01156.jpg	126.00	76.00	225.00	76.00	225.00	215.00	126.00	215.00
frame01157.jpg	126.00	77.00	223.00	77.00	223.00	215.00	126.00	215.00
frame01158.jpg	126.00	78.00	221.00	78.00	221.00	215.00	126.00	215.00
frame01159.jpg	126.00	79.00	219.00	79.00	219.00	215.00	126.00	215.00
frame01160.jpg	126.00	80.00	217.00	80.00	217.00	215.00	126.00	215.00
frame01161.jpg	126.00	81.00	215.00	81.00	215.00	215.00	126.00	215.00
frame01162.jpg	126.00	82.00	213.00	82.00	213.00	215.00	126.00	215.00
frame01163.jpg	126.00	81.00	213.00	81.00	213.00	214.00	126.00	214.00
frame01164.jpg	126.00	81.00	213.00	81.00	213.00	214.00	126.00	214.00
frame01165.jpg	126.00	80.00	213.00	80.00	213.00	213.00	126.00	213.00
frame01166.jpg	127.00	80.00	214.00	80.00	214.00	213.00	127.00	213.00
frame01167.jpg	127.00	79.00	214.00	79.00	214.00	212.00	127.00	212.00
frame01168.jpg	127.00	79.00	214.00	79.00	214.00	212.00	127.00	212.00
frame01169.jpg	128.00	79.00	215.00	79.00	215.00	212.00	128.00	212.00
frame01170.jpg	128.00	78.00	215.00	78.00	215.00	211.00	128.00	211.00
frame01171.jpg	129.00	77.00	216.00	77.00	216.00	210.00	129.00	210.00
frame01172.jpg	129.00	77.00	216.00	77.00	216.00	210.00	129.00	210.00
frame01173.jpg	130.00	76.00	217.00	76.00	217.00	209.00	130.00	209.00
frame01174.jpg	131.00	76.00	218.00	76.00	218.00	209.00	131.00	209.00
frame01175.jpg	131.00	75.00	218.00	75.00	218.00	208.00	131.00	208.00
frame01176.jpg	132.00	75.00	219.00	75.00	219.00	208.00	132.00	208.00
frame01177.jpg	133.00	74.00	220.00	74.00	220.00	207.00	133.00	207.00
frame01178.jpg	133.00	74.00	220.00	74.00	220.00	207.00	133.00	207.00
frame01179.jpg	134.00	73.00	221.00	73.00	221.00	206.00	134.00	206.00
frame01180.jpg	135.00	73.00	222.00	73.00	222.00	206.00	135.00	206.00
frame01181.jpg	137.00	72.00	223.00	72.00	223.00	205.00	137.00	205.00
frame01182.jpg	140.00	71.00	224.00	71.00	224.00	204.00	140.00	204.00
frame01183.jpg	143.00	71.00	225.00	71.00	225.00	204.00	143.00	204.00
frame01184.jpg	145.00	70.00	226.00	70.00	226.00	203.00	145.00	203.00
frame01185.jpg	148.00	69.00	228.00	69.00	228.00	202.00	148.00	202.00
frame01186.jpg	151.00	69.00	229.00	69.00	229.00	202.00	151.00	202.00
frame01187.jpg	153.00	68.00	230.00	68.00	230.00	201.00	153.00	201.00
frame01188.jpg	156.00	67.00	231.00	67.00	231.00	200.00	156.00	200.00
frame01189.jpg	159.00	67.00	233.00	67.00	233.00	200.00	159.00	200.00
frame01190.jpg	161.00	65.00	235.00	65.00	235.00	198.00	161.00	198.00
frame01191.jpg	164.00	64.00	238.00	64.00	238.00	197.00	164.00	197.00
frame01192.jpg	166.00	62.00	240.00	62.00	240.00	195.00	166.00	195.00
frame01193.jpg	169.00	61.00	243.00	61.00	243.00	194.00	169.00	194.00
frame01194.jpg	171.00	59.00	245.00	59.00	245.00	192.00	171.00	192.00
frame01195.jpg	174.00	58.00	248.00	58.00	248.00	191.00	174.00	191.00
frame01196.jpg	177.00	57.00	251.00	57.00	251.00	190.00	177.00	190.00
frame01197.jpg	177.00	56.00	251.00	56.00	251.00	187.00	177.00	187.00
frame01198.jpg	178.00	55.00	251.00	55.00	251.00	185.00	178.00	185.00
frame01199.jpg	178.00	55.00	251.00	55.00	251.00	183.00	178.00	183.00
frame01200.jpg	179.00	54.00	251.00	54.00	251.00	181.00	179.00	181.00
frame01201.jpg	180.00	54.00	251.00	54.00	251.00	179.00	180.00	179.00
frame01202.jpg	180.00	53.00	251.00	53.00	251.00	177.00	180.00	177.00
frame01203.jpg	181.00	52.00	252.00	52.00	252.00	175.00	181.00	175.00
frame01204.jpg	181.00	52.00	252.00	52.00	252.00	173.00	181.00	173.00
frame01205.jpg	182.00	51.00	253.00	51.00	253.00	171.00	182.00	171.00
frame01206.jpg	182.00	50.00	253.00	50.00	253.00	169.00	182.00	169.00
frame01207.jpg	183.00	50.00	254.00	50.00	254.00	168.00	183.00	168.00
frame01208.jpg	184.00	50.00	255.00	50.00	255.00	167.00	184.00	167.00
frame01209.jpg	186.00	50.00	256.00	50.00	256.00	167.00	186.00	167.00
frame01210.jpg	187.00	50.00	257.00	50.00	257.00	166.00	187.00	166.00
frame01211.jpg	189.00	50.00	258.00	50.00	258.00	166.00	189.00	166.00
frame01212.jpg	190.00	50.00	259.00	50.00	259.00	166.00	190.00	166.00
frame01213.jpg	192.00	50.00	260.00	50.00	260.00	165.00	192.00	165.00
frame01214.jpg	193.00	50.00	262.00	50.00	262.00	165.00	193.00	165.00
frame01215.jpg	195.00	50.00	263.00	50.00	263.00	164.00	195.00	164.00
frame01216.jpg	196.00	50.00	264.00	50.00	264.00	164.00	196.00	164.00
frame01217.jpg	198.00	50.00	265.00	50.00	265.00	164.00	198.00	164.00
frame01218.jpg	199.00	50.00	266.00	50.00	266.00	163.00	199.00	163.00
frame01219.jpg	201.00	50.00	267.00	50.00	267.00	163.00	201.00	163.00
frame01220.jpg	203.00	50.00	269.00	50.00	269.00	163.00	203.00	163.00
frame01221.jpg	204.00	49.00	270.00	49.00	270.00	162.00	204.00	162.00
frame01222.jpg	205.00	49.00	271.00	49.00	271.00	162.00	205.00	162.00
frame01223.jpg	206.00	49.00	272.00	49.00	272.00	162.00	206.00	162.00
frame01224.jpg	207.00	49.00	273.00	49.00	273.00	162.00	207.00	162.00
frame01225.jpg	208.00	49.00	274.00	49.00	274.00	162.00	208.00	162.00
frame01226.jpg	209.00	49.00	275.00	49.00	275.00	162.00	209.00	162.00
frame01227.jpg	210.00	49.00	276.00	49.00	276.00	162.00	210.00	162.00
frame01228.jpg	211.00	49.00	277.00	49.00	277.00	162.00	211.00	162.00
frame01229.jpg	212.00	49.00	278.00	49.00	278.00	162.00	212.00	162.00
frame01230.jpg	211.00	49.00	277.00	49.00	277.00	162.00	211.00	162.00
frame01231.jpg	211.00	49.00	277.00	49.00	277.00	162.00	211.00	162.00
frame01232.jpg	211.00	49.00	277.00	49.00	277.00	162.00	211.00	162.00
frame01233.jpg	210.00	49.00	276.00	49.00	276.00	162.00	210.00	162.00
frame01234.jpg	210.00	50.00	276.00	50.00	276.00	163.00	210.00	163.00
frame01235.jpg	210.00	50.00	276.00	50.00	276.00	163.00	210.00	163.00
frame01236.jpg	209.00	50.00	275.00	50.00	275.00	163.00	209.00	163.00
frame01237.jpg	209.00	50.00	275.00	50.00	275.00	163.00	209.00	163.00
frame01238.jpg	209.00	50.00	275.00	50.00	275.00	163.00	209.00	163.00
frame01239.jpg	209.00	51.00	275.00	51.00	275.00	164.00	209.00	164.00
frame01240.jpg	208.00	51.00	274.00	51.00	274.00	164.00	208.00	164.00
frame01241.jpg	208.00	51.00	274.00	51.00	274.00	164.00	208.00	164.00
frame01242.jpg	207.00	51.00	273.00	51.00	273.00	164.00	207.00	164.00
frame01243.jpg	207.00	51.00	273.00	51.00	273.00	164.00	207.00	164.00
frame01244.jpg	206.00	51.00	272.00	51.00	272.00	164.00	206.00	164.00
frame01245.jpg	206.00	51.00	272.00	51.00	272.00	164.00	206.00	164.00
frame01246.jpg	205.00	51.00	271.00	51.00	271.00	164.00	205.00	164.00
frame01247.jpg	205.00	51.00	271.00	51.00	271.00	164.00	205.00	164.00
frame01248.jpg	204.00	51.00	270.00	51.00	270.00	164.00	204.00	164.00
frame01249.jpg	204.00	51.00	270.00	51.00	270.00	164.00	204.00	164.00
frame01250.jpg	203.00	51.00	269.00	51.00	269.00	164.00	203.00	164.00
frame01251.jpg	203.00	51.00	269.00	51.00	269.00	164.00	203.00	164.00
frame01252.jpg	203.00	52.00	269.00	52.00	269.00	165.00	203.00	165.00
frame01253.jpg	204.00	51.00	270.00	51.00	270.00	165.00	204.00	165.00
frame01254.jpg	205.00	51.00	271.00	51.00	271.00	165.00	205.00	165.00
frame01255.jpg	206.00	51.00	272.00	51.00	272.00	165.00	206.00	165.00
frame01256.jpg	208.00	50.00	274.00	50.00	274.00	165.00	208.00	165.00
frame01257.jpg	209.00	50.00	275.00	50.00	275.00	165.00	209.00	165.00
frame01258.jpg	210.00	50.00	276.00	50.00	276.00	165.00	210.00	165.00
frame01259.jpg	212.00	49.00	278.00	49.00	278.00	165.00	212.00	165.00
frame01260.jpg	213.00	49.00	279.00	49.00	279.00	165.00	213.00	165.00
frame01261.jpg	214.00	49.00	280.00	49.00	280.00	165.00	214.00	165.00
frame01262.jpg	216.00	49.00	282.00	49.00	282.00	166.00	216.00	166.00
frame01263.jpg	217.00	48.00	283.00	48.00	283.00	166.00	217.00	166.00
frame01264.jpg	218.00	47.00	285.00	47.00	285.00	167.00	218.00	167.00
frame01265.jpg	219.00	46.00	287.00	46.00	287.00	167.00	219.00	167.00
frame01266.jpg	220.00	45.00	289.00	45.00	289.00	168.00	220.00	168.00
frame01267.jpg	221.00	44.00	291.00	44.00	291.00	168.00	221.00	168.00
frame01268.jpg	222.00	44.00	293.00	44.00	293.00	169.00	222.00	169.00
frame01269.jpg	223.00	44.00	295.00	44.00	295.00	171.00	223.00	171.00
frame01270.jpg	225.00	45.00	297.00	45.00	297.00	173.00	225.00	173.00
frame01271.jpg	227.00	46.00	299.00	46.00	299.00	175.00	227.00	175.00
frame01272.jpg	229.00	47.00	301.00	47.00	301.00	177.00	229.00	177.00
frame01273.jpg	231.00	48.00	303.00	48.00	303.00	180.00	231.00	180.00
frame01274.jpg	232.00	48.00	305.00	48.00	305.00	182.00	232.00	182.00
frame01275.jpg	234.00	49.00	307.00	49.00	307.00	184.00	234.00	184.00
frame01276.jpg	236.00	50.00	309.00	50.00	309.00	186.00	236.00	186.00
frame01277.jpg	238.00	51.00	311.00	51.00	311.00	188.00	238.00	188.00
frame01278.jpg	240.00	52.00	314.00	52.00	314.00	191.00	240.00	191.00
frame01279.jpg	243.00	54.00	317.00	54.00	317.00	193.00	243.00	193.00
frame01280.jpg	247.00	57.00	321.00	57.00	321.00	196.00	247.00	196.00
frame01281.jpg	251.00	60.00	325.00	60.00	325.00	199.00	251.00	199.00
frame01282.jpg	255.00	63.00	329.00	63.00	329.00	202.00	255.00	202.00
frame01283.jpg	259.00	66.00	333.00	66.00	333.00	205.00	259.00	205.00
frame01284.jpg	263.00	69.00	337.00	69.00	337.00	208.00	263.00	208.00
frame01285.jpg	267.00	72.00	341.00	72.00	341.00	211.00	267.00	211.00
frame01286.jpg	271.00	78.00	346.00	78.00	346.00	218.00	271.00	218.00
frame01287.jpg	276.00	84.00	351.00	84.00	351.00	225.00	276.00	225.00
frame01288.jpg	281.00	90.00	357.00	90.00	357.00	232.00	281.00	232.00
frame01289.jpg	285.00	96.00	362.00	96.00	362.00	239.00	285.00	239.00
frame01290.jpg	290.00	102.00	368.00	102.00	368.00	246.00	290.00	246.00
frame01291.jpg	295.00	108.00	373.00	108.00	373.00	253.00	295.00	253.00
frame01292.jpg	299.00	114.00	379.00	114.00	379.00	260.00	299.00	260.00
frame01293.jpg	304.00	120.00	384.00	120.00	384.00	267.00	304.00	267.00
frame01294.jpg	309.00	127.00	390.00	127.00	390.00	274.00	309.00	274.00
frame01295.jpg	310.00	131.00	391.00	131.00	391.00	277.00	310.00	277.00
frame01296.jpg	311.00	135.00	392.00	135.00	392.00	281.00	311.00	281.00
frame01297.jpg	312.00	139.00	393.00	139.00	393.00	284.00	312.00	284.00
frame01298.jpg	313.00	144.00	394.00	144.00	394.00	288.00	313.00	288.00
frame01299.jpg	314.00	148.00	395.00	148.00	395.00	292.00	314.00	292.00
frame01300.jpg	315.00	152.00	396.00	152.00	396.00	295.00	315.00	295.00
frame01301.jpg	316.00	156.00	397.00	156.00	397.00	299.00	316.00	299.00
frame01302.jpg	317.00	161.00	398.00	161.00	398.00	303.00	317.00	303.00
frame01303.jpg	316.00	163.00	397.00	163.00	397.00	304.00	316.00	304.00
frame01304.jpg	315.00	166.00	396.00	166.00	396.00	306.00	315.00	306.00
frame01305.jpg	315.00	169.00	395.00	169.00	395.00	308.00	315.00	308.00
frame01306.jpg	314.00	172.00	394.00	172.00	394.00	310.00	314.00	310.00
frame01307.jpg	314.00	175.00	393.00	175.00	393.00	312.00	314.00	312.00
frame01308.jpg	313.00	178.00	392.00	178.00	392.00	313.00	313.00	313.00
frame01309.jpg	312.00	181.00	391.00	181.00	391.00	315.00	312.00	315.00
frame01310.jpg	312.00	184.00	390.00	184.00	390.00	317.00	312.00	317.00
frame01311.jpg	311.00	187.00	389.00	187.00	389.00	319.00	311.00	319.00
frame01312.jpg	311.00	190.00	388.00	190.00	388.00	321.00	311.00	321.00
frame01313.jpg	312.00	192.00	389.00	192.00	389.00	323.00	312.00	323.00
frame01314.jpg	314.00	195.00	391.00	195.00	391.00	326.00	314.00	326.00
frame01315.jpg	316.00	198.00	393.00	198.00	393.00	329.00	316.00	329.00
frame01316.jpg	318.00	201.00	395.00	201.00	395.00	332.00	318.00	332.00
frame01317.jpg	320.00	204.00	397.00	204.00	397.00	335.00	320.00	335.00
frame01318.jpg	322.00	207.00	399.00	207.00	399.00	338.00	322.00	338.00
frame01319.jpg	324.00	210.00	401.00	210.00	401.00	341.00	324.00	341.00
frame01320.jpg	326.00	213.00	403.00	213.00	403.00	344.00	326.00	344.00
frame01321.jpg	328.00	216.00	405.00	216.00	405.00	347.00	328.00	347.00
frame01322.jpg	330.00	216.00	407.00	216.00	407.00	348.00	330.00	348.00
frame01323.jpg	332.00	216.00	409.00	216.00	409.00	349.00	332.00	349.00
frame01324.jpg	335.00	217.00	412.00	217.00	412.00	350.00	335.00	350.00
frame01325.jpg	337.00	217.00	414.00	217.00	414.00	352.00	337.00	352.00
frame01326.jpg	340.00	218.00	417.00	218.00	417.00	353.00	340.00	353.00
frame01327.jpg	342.00	218.00	419.00	218.00	419.00	354.00	342.00	354.00
frame01328.jpg	345.00	219.00	422.00	219.00	422.00	356.00	345.00	356.00
frame01329.jpg	344.00	219.00	421.00	219.00	421.00	356.00	344.00	356.00
frame01330.jpg	344.00	219.00	421.00	219.00	421.00	356.00	344.00	356.00
frame01331.jpg	344.00	219.00	421.00	219.00	421.00	356.00	344.00	356.00
frame01332.jpg	344.00	219.00	421.00	219.00	421.00	356.00	344.00	356.00
frame01333.jpg	343.00	219.00	420.00	219.00	420.00	356.00	343.00	356.00
frame01334.jpg	343.00	219.00	420.00	219.00	420.00	356.00	343.00	356.00
frame01335.jpg	343.00	219.00	420.00	219.00	420.00	356.00	343.00	356.00
frame01336.jpg	343.00	219.00	420.00	219.00	420.00	356.00	343.00	356.00
